          15   1.3999999999999999       -1.9680607719298246       5.73853178394719796E-005 -2.87485380116959071E-005  0.99138290058479528       0.99143545716854120       1.60832079274453375E-003   32.321696229233311       0.14365198324103692        35543.966721993653        157.97318543108290     
          15   1.4099999999999999       -1.9666774269005849       5.88049679013052755E-005 -2.66666666666666640E-006  0.99098839766081870       0.99104415959320791       1.60768592942551699E-003   33.460963486214133       0.14871539327206282        35264.029533152672        156.72902014734521     
          15   1.4199999999999999       -1.9651006783625731       6.02977093719234884E-005  5.94412163742690097E-002  0.99054577777777786       0.99060478441625854       1.60675683134208717E-003   34.687545686098758       0.15416686971599447        34858.684435321607        154.92748637920715     
          15   1.4299999999999999       -1.9634475789473684       6.17536271783497039E-005 -2.96698713450292417E-002  0.99005999999999994       0.99012289778721263       1.60629945659467640E-003   35.875792293275587       0.15944796574789150        34675.046839165312        154.11131928517918     
          15   1.4399999999999999       -1.9619203742690059       6.30857018948263688E-005  1.76608187134502929E-005  0.98963417543859655       0.98970013534137546       1.60550556015543735E-003   36.922026312351122       0.16409789472156053        34435.770383771451        153.04786837231757     
          15   1.4500000000000000       -1.9601584093567250       6.45463297761555900E-005 -2.96713684210526303E-002  0.98913129824561397       0.98920103001906201       1.60480409571690905E-003   38.120249406502147       0.16942333069556509        34133.060906306222        151.70249291691655     
          15   1.4600000000000000       -1.9586322339181286       6.59099547015328717E-005  1.97866666666666677E-002  0.98869225730994159       0.98876557827673450       1.60391743130127015E-003   39.205314999054345       0.17424584444024152        33886.358897764963        150.60603954562205     
          15   1.4700000000000000       -1.9567703859649124       6.75545765517790811E-005 -4.93857543859649098E-002  0.98814392982456145       0.98822213137971560       1.60328812887304182E-003   40.627819608414242       0.18056808714850775        33548.327502212655        149.10367778761179     
          15   1.4800000000000000       -1.9550444912280702       6.88129402128360583E-005 -9.87992046783625760E-002  0.98764711111111103       0.98772922312728151       1.60266893008602471E-003   41.587750639105316       0.18483444728491252        33037.865948200269        146.83495976977898     
          15   1.4900000000000000       -1.9531345964912281       7.04836741215853993E-005 -7.89682573099415169E-002  0.98709695906432748       0.98718343708428447       1.60171134504878037E-003   43.048018450217377       0.19132452644541056        32899.290006740244        146.21906669662332     
          15   1.5000000000000000       -1.9511353918128655       7.20429677907280085E-005 -0.11837389473684211       0.98651485380116966       0.98660609265617083       1.60091888767300672E-003   44.376117729219715       0.19722718990764318        32379.048104999893        143.90688046666619     
          15   1.5100000000000000       -1.9491601403508774       7.35450282591819425E-005  1.97447251461988320E-002  0.98592212865497075       0.98601857688895012       1.59946115896649399E-003   45.635349044723455       0.20282377353210423        32582.477302864212        144.81101023495205     
          15   1.5200000000000000       -1.9469153216374271       7.52776401220694639E-005  6.89763040935672533E-002  0.98525985964912277       0.98536202117522731       1.59821590615664630E-003   47.183858068479857       0.20970603585991049        32179.534194941520        143.02015197751786     
          15   1.5299999999999998       -1.9448897309941522       7.68558236629355944E-005 -3.93930058479532164E-002  0.98465607017543866       0.98476383080875574       1.59764208040863724E-003   48.542186413173347       0.21574305072521488        32036.293904538939        142.38352846461751     
          15   1.5400000000000000       -1.9427096608187133       7.83671511620258663E-005  1.96982222222222246E-002  0.98401260818713454       0.98412597597167217       1.59639098637806955E-003   49.816740685331311       0.22140773637925026        31825.239142249142        141.44550729888508     
          15   1.5499999999999998       -1.9404316725146198       8.01319482814637788E-005  1.96951578947368415E-002  0.98332753216374269       0.98344749847066726       1.59529031198344089E-003   51.415805095498065       0.22851468931332475        31576.317630363257        140.33918946828115     
          15   1.5599999999999998       -1.9381613567251461       8.17883903318608515E-005  3.93121637426900594E-002  0.98264694736842106       0.98277336287723360       1.59412470790422801E-003   52.878942105035961       0.23501752046682650        31293.325705767016        139.08144758118675     
          15   1.5699999999999998       -1.9357956491228070       8.33715214076795769E-005  1.96549707602339183E-002  0.98192842105263156       0.98206154966449766       1.59304205176583405E-003   54.248131189085647       0.24110280528482511        31086.283489554848        138.16125995357709     
          15   1.5799999999999998       -1.9334341052631578       8.50908989526986845E-005  0.10788058479532163       0.98119197660818713       0.98133339011780496       1.59153662366243024E-003   55.795693844967381       0.24798086153318835        30483.202990795176        135.48090218131190     
          15   1.5899999999999999       -1.9310415906432747       8.66965618533464659E-005  4.90505263157894750E-002  0.98047256140350869       0.98062011564217832       1.59059555948384682E-003   57.195009174069213       0.25420004077364095        30540.879883132111        135.73724392503161     
          15   1.5999999999999999       -1.9283789941520468       8.85266413639847476E-005  9.78715789473684136E-003  0.97964919298245612       0.97980611562876141       1.58941939560197968E-003   58.892046043933995       0.26174242686192889        30372.602772216054        134.98934565429357     
          15   1.6099999999999999       -1.9256412631578947       9.04088064903074852E-005  4.88840701754386028E-002  0.97880977777777778       0.97897508172081660       1.58792727204544893E-003   60.662227421067257       0.26960989964918780        30060.639450070790        133.60284200031461     
          15   1.6199999999999999       -1.9230354152046785       9.21617230250547045E-005  2.93534736842105300E-002  0.97800297076023390       0.97817709613188708       1.58670460514367083E-003   62.261528020058286       0.27671790231137017        29874.025155615043        132.77344513606687     
          15   1.6299999999999999       -1.9200325146198831       9.38437170439895623E-005  6.84061286549707687E-002  0.97706886549707606       0.97725221686145269       1.58506007533680874E-003   63.765214765634916       0.28340095451393293        29516.005464251586        131.18224650778484     
          15   1.6399999999999999       -1.9172455204678363       9.57737450815473150E-005 -1.95134035087719294E-002  0.97621038596491228       0.97640364175423333       1.58400790623753371E-003   65.607558605595045       0.29158914935820018        29417.548474035470        130.74465988460210     
          15   1.6499999999999999       -1.9141160233918131       9.77654592507338740E-005  2.92089824561403491E-002  0.97521469005847949       0.97541933216143295       1.58223114940368031E-003   67.538534663168633       0.30017126516963838        29165.820613919986        129.62586939519994     
          15   1.6599999999999999       -1.9113057309941521       9.95886861610880677E-005  4.86955087719298310E-002  0.97433368421052624       0.97454845201669427       1.58074621023435473E-003   69.239267160409341       0.30773007626848597        28892.036164548128        128.40904962021389     
          15   1.6699999999999999       -1.9080188070175439       1.01471395418506211E-004  5.83872514619883029E-002  0.97327861988304099       0.97350603760334342       1.57901910454325044E-003   71.023644858668462       0.31566064381630426        28626.010353093949        127.22671268041755     
          15   1.6799999999999999       -1.9048644210526315       1.03526785284936752E-004 -9.75316959064327464E-003  0.97223658479532171       0.97247898011095069       1.57760537572650020E-003   73.052574594033459       0.32467810930681540        28495.252841401132        126.64556818400503     
          15   1.6899999999999999       -1.9016349473684211       1.05379961929698949E-004  2.90735672514619882E-002  0.97121204678362572       0.97146663648782439       1.57581909357317374E-003   74.798226091230561       0.33243656040546915        28245.219834761676        125.53431037671857     
          15   1.7000000000000000       -1.8982536140350879       1.07592791492561090E-004 -3.88614035087719301E-002  0.97010107602339180       0.97037073675870644       1.57429356262834912E-003   77.057894957646624       0.34247953314509610        27995.897722085301        124.42621209815690     
          15   1.7100000000000000       -1.8947020818713451       1.09454713625717654E-004 -1.93525146198830419E-002  0.96893497076023383       0.96921844580337524       1.57235191492637169E-003   78.817989045314889       0.35030217353473286        27799.634482797948        123.55393103465755     
          15   1.7200000000000000       -1.8912826666666664       1.11422911122320431E-004  3.87494736842105281E-002  0.96779387134502926       0.96809518109642412       1.57031346165015001E-003   80.731076021898289       0.35880478231954793        27540.787570514723        122.40350031339877     
          15   1.7300000000000000       -1.8875238830409358       1.13668270669116159E-004  3.86812397660818708E-002  0.96655286549707597       0.96687217099042488       1.56832954916214743E-003   83.049100328613434       0.36910711257161527        27312.496421530926        121.38887298458189     
          15   1.7400000000000000       -1.8837441871345029       1.15548816417906965E-004 -5.79007485380116926E-002  0.96527693567251471       0.96561304919710311       1.56664735682006807E-003   84.836186638824216       0.37704971839477430        27030.726002864823        120.13656001273255     
          15   1.7500000000000000       -1.8798539883040937       1.18211325289043162E-004 -1.75906432748538040E-005  0.96395817543859641       0.96431771544563427       1.56432996797092189E-003   87.779015998061439       0.39012895999138419        26900.928977514774        119.55968434451010     
          15   1.7599999999999998       -1.8758760701754387       1.20393290816823515E-004  1.92175438596491228E-002  0.96263429239766085       0.96301145337801253       1.56213892504306669E-003   90.017690893880882       0.40007862619502615        26665.043101194602        118.51130267197601     
          15   1.7700000000000000       -1.8721272514619884       1.22321947333315360E-004 -4.79921871345029283E-002  0.96135340350877196       0.96175114879199863       1.56034625949044757E-003   91.877860338259751       0.40834604594782109        26389.697668191686        117.28754519196305     
          15   1.7799999999999998       -1.8675746432748537       1.24920259612763839E-004 -5.75635087719298250E-002  0.95976112280701753       0.96018931878105918       1.55784885906141242E-003   94.748945334346871       0.42110642370820833        26127.334128892904        116.12148501730179     
          15   1.7900000000000000       -1.8635252865497076       1.26848630955088025E-004 -4.79692397660818753E-002  0.95834771929824558       0.95879576581554060       1.55555246334828745E-003   96.608233180152766       0.42936992524512341        25934.375027635448        115.26388901171310     
          15   1.7999999999999998       -1.8593127953216375       1.28991135024080877E-004 -4.78555321637426853E-002  0.95687101754385961       0.95734523245956593       1.55319923262576577E-003   98.792357931628970       0.43907714636279543        25712.430248092089        114.27746776929817     
          15   1.8100000000000001       -1.8547588771929824       1.31286750297580267E-004 -0.14331548538011696       0.95525798830409359       0.95576130324047426       1.55099002888369939E-003   101.21229673580270       0.44983242993690087        24975.195985565431        111.00087104695747     
          15   1.8199999999999998       -1.8504084678362573       1.33469097957228340E-004 -0.16217298245614037       0.95368549707602346       0.95422158333243856       1.54856435968114999E-003   103.45876920263801       0.45981675201172451        24595.926875878591        109.31523055946040     
          15   1.8299999999999998       -1.8455469473684212       1.36051574003717430E-004 -9.52685380116959080E-003  0.95192437426900589       0.95249145831741788       1.54518123595506025E-003   106.32945662792324       0.47257536279076995        25095.316460098256        111.53473982265892     
          15   1.8399999999999999       -1.8410000935672515       1.38511174125134358E-004 -4.80694269005847996E-002  0.95026371929824560       0.95087105305197073       1.54269876432375848E-003   109.01408356431779       0.48450703806363460        24812.993297587862        110.27997021150161     
          15   1.8499999999999999       -1.8357995321637428       1.41031619518514409E-004 -3.71929824561403493E-006  0.94835076023391807       0.94899274745587314       1.53946953547921231E-003   111.79906262410194       0.49688472277378637        24644.447976861858        109.53087989716381     
          15   1.8599999999999999       -1.8306999766081873       1.43622689004772847E-004  2.84692397660818719E-002  0.94639312280701748       0.94708088897749743       1.53625970967073374E-003   114.70143510277219       0.50978415601232085        24391.226050046171        108.40544911131632     
          15   1.8699999999999999       -1.8260047251461988       1.46153160010703548E-004  5.66282573099415182E-002  0.94462002339181295       0.94535854776569206       1.53335811614321187E-003   117.51189758334145       0.52227510037040648        24107.679802447688        107.14524356643417     
          15   1.8799999999999999       -1.8205359064327484       1.48479980869732034E-004  4.71821988304093609E-002  0.94261200000000001       0.94338522530662705       1.53019261314708767E-003   119.99654454312599       0.53331797574722661        23905.489161791698        106.24661849685199     
          15   1.8899999999999999       -1.8152880000000000       1.50956647497644826E-004  9.31506432748538046E-003  0.94057607017543865       0.94139703731122382       1.52711198153181464E-003   122.72400199853621       0.54544000888238320        23735.936020578334        105.49304898034815     
          15   1.8999999999999999       -1.8094456140350876       1.54066736003604266E-004 -1.56295906432748558E-002  0.93831302923976612       0.93920187559379820       1.52364661945075569E-003   126.49087437941762       0.56218166390852276        23496.817829024276        104.43030146233012     
          15   1.9099999999999999       -1.8037678596491229       1.56942055408586738E-004 -3.58251228070175440E-002  0.93605366081871344       0.93702144628563355       1.52018732707107670E-003   129.88547009157807       0.57726875596256921        23237.822598619659        103.27921154942071     
          15   1.9199999999999999       -1.7977207953216374       1.59976490841454681E-004 -5.50285847953216403E-002  0.93361887719298253       0.93465543986383381       1.51642356493913847E-003   133.55449442604893       0.59357553078243974        22954.024848932600        102.01788821747823     
          15   1.9299999999999999       -1.7920454736842104       1.62526062032728125E-004 -0.14201971929824561       0.93130067836257313       0.93241379999705665       1.51312389757553528E-003   136.42062663613140       0.60631389616058406        22275.679207962210        99.003018702054263     
          15   1.9399999999999999       -1.7859592046783626       1.65539575715453394E-004 -0.14003073684210526       0.92880086549707597       0.92998943192693140       1.50918477673612529E-003   140.07119973586640       0.62253866549273951        22057.670952014792        98.034093120065748     
          15   1.9500000000000000       -1.7798155321637428       1.68104337271728045E-004 -6.95639766081871391E-002  0.92631031578947376       0.92757077770611174       1.50498882744907916E-003   142.96747526141829       0.63541100116185900        22211.352713408625        98.717123170705008     
          15   1.9600000000000000       -1.7731117660818712       1.71399492209240573E-004  1.30146432748538005E-002  0.92342404678362577       0.92480214334768962       1.50017644706204080E-003   147.11452437015862       0.65384233053403829        22086.179686056646        98.160798604696211     
          15   1.9700000000000000       -1.7663867602339181       1.74445717849877401E-004 -4.28905964912280682E-002  0.92047459649122809       0.92197717513774913       1.49581216836265369E-003   150.84704496640197       0.67043131096178654        21797.077082746331        96.875898145539253     
          15   1.9800000000000000       -1.7598621754385964       1.77688984663114239E-004 -4.52851461988304071E-003  0.91769401169590636       0.91931107985624683       1.49133725604175954E-003   154.93133526383278       0.68858371228370119        21607.986326466384        96.035494784295039     
          15   1.9899999999999998       -1.7524702222222222       1.80997329306089791E-004 -3.36402339181286550E-002  0.91439878362573102       0.91614938580016214       1.48632291707524213E-003   159.14273351470675       0.70730103784314113        21323.505205050187        94.771134244667493     
          15   2.0000000000000000       -1.7456400000000001       1.84385820176772246E-004 -2.27723274853801165E-002  0.91118378947368417       0.91311701961685621       1.48136130659601989E-003   163.50975974999892       0.72671004333332856        21091.997850563865        93.742212669172730     
          15   2.0099999999999998       -1.7381466666666667       1.87419087038231226E-004 -0.12570666666666666       0.90795272514619885       0.90996812882517086       1.47666114469334150E-003   167.25694268901034       0.74336418972893481        20457.533017439120        90.922368966396093     
          15   2.0200000000000000       -1.7308214269005848       1.91031330970901084E-004  6.96456140350877172E-003  0.90433740350877190       0.90660422718148614       1.47067856799533003E-003   172.05016642320291       0.76466740632534624        20597.927069879803        91.546342532799130     
          15   2.0299999999999998       -1.7231865263157895       1.93842788780230807E-004 -1.29435087719298233E-002  0.90089483040935670       0.90329111113139648       1.46538333241963631E-003   175.41060868641429       0.77960270527295239        20343.950449323514        90.417557552548956     
          15   2.0400000000000000       -1.7147512046783626       1.98560891193318113E-004  2.59047953216374263E-002  0.89656727485380117       0.89929753667358980       1.45874939863202763E-003   182.25343599869936       0.81001527110533045        20053.083665676768        89.124816291896749     
          15   2.0499999999999998       -1.7065246783625729       2.02042679068658931E-004 -0.11289829239766082       0.89248491228070181       0.89547050840494014       1.45309941125081423E-003   186.86464833523519       0.83050954815660083        19487.449380101294        86.610886133783524     
          15   2.0600000000000001       -1.6984331695906432       2.05988461068645632E-004  4.31098479532163736E-002  0.88830025730994155       0.89159872441593191       1.44618980887881664E-003   192.35344912865006       0.85490421834955577        19490.374981054298        86.623888804685762     
          15   2.0699999999999998       -1.6895254736842107       2.10227784501408122E-004  9.35199766081871442E-002  0.88373810526315788       0.88736716364699253       1.43911964937123559E-003   198.42124436461236       0.88187219717605492        19043.669765888619        84.638532292838306     
          15   2.0800000000000001       -1.6804983859649123       2.14147591186153967E-004  5.31249356725146185E-002  0.87898425730994156       0.88295245351360341       1.43212110295448864E-003   203.91461335599649       0.90628717047109553        18906.071179811937        84.026983021386386     
          15   2.0899999999999999       -1.6707659415204679       2.18631164433015382E-004  9.53564912280701824E-003  0.87352561403508766       0.87798977746368678       1.42424834161739879E-003   210.51361847369694       0.93561608210531977        18670.091142000547        82.978182853335767     
          15   2.1000000000000001       -1.6616688654970759       2.22851353636112891E-004 -8.29673450292397613E-002  0.86835761403508771       0.87327244869091403       1.41697742933990026E-003   216.64097231590767       0.96284876584847856        18218.278670659332        80.970127425152583     
          15   2.1099999999999999       -1.6520793918128653       2.26419464457634193E-004 -5.15279532163742740E-002  0.86307817543859655       0.86844676494748851       1.40902056003934539E-003   221.51913144765618       0.98452947310069416        18031.728951537985        80.141017562391042     
          15   2.1200000000000001       -1.6424358830409356       2.31516685407104225E-004 -2.62950877192982442E-002  0.85710858479532159       0.86314634482201047       1.40031808382400937E-003   229.42540295170619        1.0196684575631387        17774.394061396211        78.997306939538717     
          15   2.1299999999999999       -1.6321508304093568       2.35283520319407924E-004  9.32851461988304029E-003  0.85118261988304100       0.85772208818404827       1.39136975343480472E-003   234.73207879626426        1.0432536835389523        17483.454492158766        77.704242187372287     
          15   2.1399999999999997       -1.6213576140350876       2.39957834906932469E-004 -4.20516257309941563E-002  0.84438935672514615       0.85166204635147480       1.38175625974408067E-003   241.87498509321148        1.0749999337476066        17116.925251018085        76.075223337858162     
          15   2.1499999999999999       -1.6107411929824560       2.45432642445097572E-004 -9.78863157894736824E-003  0.83753585964912280       0.84574719553329680       1.37202484228475855E-003   250.68962429286213        1.1141761079682762        16840.288551448870        74.845726895328312     
          15   2.1600000000000001       -1.5994021520467836       2.49552131529258241E-004  3.22618245614035085E-002  0.83042626900584793       0.83930866789280811       1.36139987369141512E-003   256.78148017906420        1.1412510230180630        16485.895656468030        73.270647362080140     
          15   2.1699999999999999       -1.5883080233918130       2.53318791647296154E-004  4.22484210526315792E-003  0.82279097076023389       0.83262164510576797       1.35067237332356263E-003   262.15852242650499        1.1651489885622444        16172.960058534994        71.879822482377747     
          15   2.1799999999999997       -1.5758803274853801       2.59490187616600448E-004  6.21770760233918141E-003  0.81386364912280706       0.82502390254227287       1.33833833098525516E-003   272.56966833928755        1.2114207481746113        15805.816562539723        70.248073611287666     
          15   2.1899999999999999       -1.5632231111111110       2.64581156620817613E-004  8.17927485380116892E-003  0.80500346198830408       0.81730272293849415       1.32580401483897324E-003   280.78779374733637        1.2479457499881617        15439.858467816492        68.621593190295513     
          15   2.2000000000000002       -1.5509760000000001       2.68429906928635261E-004 -2.43029239766081890E-003  0.79566278362573106       0.80938885210887890       1.31301292255002282E-003   286.39476338581767        1.2728656150480786        15074.845742998928        66.999314413328577     
          15   2.2100000000000000       -1.5381746900584794       2.73185268531060405E-004  1.16301052631578947E-002  0.78620109941520466       0.80124768436227412       1.29974305389786177E-003   293.95350182309562        1.3064600081026472        14703.300333751533        65.348001483340141     
          15   2.2199999999999998       -1.5243754385964912       2.77675290023953435E-004 -1.95177777777777763E-002  0.77541555555555564       0.79204375565822938       1.28495346685785243E-003   300.96580314030820        1.3376257917347032        14297.055671580136        63.542469651467272     
          15   2.2300000000000000       -1.5106863157894737       2.83200276199737288E-004  7.68573099415204714E-003  0.76397946198830402       0.78254957318366003       1.26942763281798318E-003   310.26033129701955        1.3789348057645314        13900.870483842527        61.781646594855680     
          15   2.2399999999999998       -1.4970567485380117       2.86633752741626306E-004 -1.84992280701754379E-002  0.75390477192982452       0.77378456983828392       1.25533050723624284E-003   314.99760776153141        1.3999893678290285        13524.114806230660        60.107176916580713     
          15   2.2500000000000000       -1.4828647953216374       2.90219087027550945E-004  1.59166315789473663E-002  0.74260219883040934       0.76416289497624745       1.23956081937545443E-003   320.06305020539963        1.4225024453573316        13133.060795197342        58.369159089765965     
          15   2.2599999999999998       -1.4685455438596491       2.94542620536149497E-004 -6.54025730994152107E-003  0.72995150877192982       0.75366643142079259       1.22263967844902849E-003   326.75936796546574        1.4522638576242921        12722.786367719757        56.545717189865584     
          15   2.2700000000000000       -1.4543136374269006       2.97207973835945439E-004 -8.81964912280701775E-004  0.71804697076023394       0.74339928965506086       1.20595716920507390E-003   329.77507853892246        1.4656670157285443        12324.884307764578        54.777263590064791     
          15   2.2799999999999998       -1.4400107134502924       3.00646626582953878E-004 -3.58902923976608165E-003  0.70548154385964912       0.73294284070812044       1.18900794449379303E-003   334.49652412886155        1.4866512183504959        11927.790146865907        53.012400652737369     
          15   2.2900000000000000       -1.4252186198830410       3.03167102878519580E-004  4.83747368421052603E-003  0.69253155555555557       0.72192201825532742       1.17108800127646074E-003   337.16447960583031        1.4985087982481347        11521.011993042082        51.204497746853697     
          15   2.2999999999999998       -1.4092770526315790       3.06086869989122311E-004  1.23769356725146190E-002  0.67754159064327479       0.70940854076674353       1.15074972027371389E-003   340.70802381100327        1.5142578836044589        11073.828919366544        49.217017419406865     
          15   2.3100000000000001       -1.3941189707602339       3.08229058948409501E-004 -5.29377777777777832E-003  0.66373871345029245       0.69776674807835792       1.13195448418941741E-003   342.50887850855912        1.5222616822602628        10669.611272157896        47.420494542923983     
          15   2.3199999999999998       -1.3795620584795323       3.08807855961198648E-004  6.15387134502923955E-003  0.65030477192982450       0.68626110940326657       1.11323019766813706E-003   340.83904772791732        1.5148402121240769        10275.924475187650        45.670775445278444     
          15   2.3300000000000001       -1.3645163508771929       3.10250129164413681E-004 -1.69627134502923979E-002  0.63622292397660818       0.67426461696963302       1.09389233032992743E-003   341.08351722498548        1.5159267432221577        9871.7672328375411        43.874521034833514     
          15   2.3399999999999999       -1.3485366081871346       3.11625990116421684E-004  5.30994152046783623E-006  0.62044769590643278       0.66096706734871302       1.07223014089893637E-003   341.18054670946071        1.5163579853753810        9451.6759058227508        42.007448470323340     
          15   2.3500000000000001       -1.3347397894736843       3.11228300036208154E-004 -5.44381286549707605E-003  0.60746961403508770       0.64959440809072710       1.05381149036621593E-003   337.42019296092275        1.4996453020485456        9089.7351207080919        40.398822758702629     
          15   2.3599999999999999       -1.3196109005847954       3.11118351820533791E-004  2.00056140350877206E-003  0.59238477192982464       0.63675848797467727       1.03294734239836551E-003   334.33041372816200        1.4859129499029422        8697.5759933027839        38.655893303567929     
          15   2.3700000000000001       -1.3032308304093567       3.11769568745394357E-004  2.42643274853801159E-003  0.57549590643274862       0.62238824017446892       1.00963299397918704E-003   332.90428503570843        1.4795746001587040        8274.3301551842633        36.774800689707838     
          15   2.3799999999999999       -1.2894389239766082       3.10020976224765891E-004 -1.18774269005847942E-003  0.56227890058479535       0.61064124907733175       9.90597924077760671E-004   326.42008811902019        1.4507559471956453        7931.5617835357443        35.251385704603308     
          15   2.3899999999999997       -1.2755169590643274       3.08968038764681041E-004 -8.83040935672514676E-005  0.54846963742690058       0.59845993973463796       9.70830751049712440E-004   321.49923446999759        1.4288854865333227        7586.4272032519511        33.717454236675337     
          15   2.3999999999999999       -1.2614971695906434       3.06743947783567612E-004  6.09569590643274824E-003  0.53405309941520474       0.58563349144562593       9.49985449086607398E-004   314.25207548468785        1.3966758910430570        7233.6676386278732        32.149633949457211     
          15   2.4100000000000001       -1.2475824093567252       3.05643770634810008E-004  1.30355555555555563E-003  0.52028509941520462       0.57353277459510787       9.30384824109323238E-004   309.41805034861488        1.3751913348827327        6909.7483626794055        30.709992723019582     
          15   2.4199999999999999       -1.2331995789473684       3.02995788150190533E-004 -5.36561403508771929E-004  0.50567345029239763       0.56036543205295608       9.09036219180635124E-004   301.57204706168932        1.3403202091630637        6568.8893318394275        29.195063697064121     
          15   2.4299999999999997       -1.2208853801169590       3.00947016321646322E-004  3.16842105263157904E-004  0.49326112280701756       0.54904549964075244       8.90667331848826564E-004   295.06396193846439        1.3113953863931751        6280.2262559759138        27.912116693226285     
          15   2.4399999999999999       -1.2074457543859649       2.99065665688708255E-004  7.59859649122807037E-004  0.48031705263157898       0.53714807035553958       8.71364133704768734E-004   289.00282857032863        1.2844570158681272        5986.3538012549843        26.606016894466595     
          15   2.4500000000000002       -1.1948383157894737       2.96012155857896533E-004 -4.88725146198830461E-004  0.46712196491228070       0.52504826890331002       8.51744118960932666E-004   280.82486314799945        1.2481105028799975        5696.3548754881667        25.317132779947407     
          15   2.4600000000000000       -1.1813081637426901       2.92798570303621749E-004 -1.95490058479532184E-003  0.45308145029239766       0.51190994700255232       8.30441357426404459E-004   272.53125881144933        1.2112500391619971        5392.7555255367433        23.967802335718858     
          15   2.4699999999999998       -1.1707163508771929       2.90421661451088471E-004  4.41104093567251405E-003  0.44347373099415205       0.50285036203794209       8.15699380214543902E-004   265.95780351295798        1.1820346822798133        5182.1764612560255        23.031895383360112     
          15   2.4800000000000000       -1.1590935204678363       2.87309851878181735E-004  1.25207017543859647E-003  0.43195061988304095       0.49191670034465457       7.97985086461417098E-004   258.19409625361425        1.1475293166827301        4939.6215383715034        21.953873503873350     
          15   2.4900000000000002       -1.1470299883040938       2.83892313037829001E-004 -2.43017543859649129E-003  0.41943632748538012       0.47991880318218755       7.78549356897256990E-004   250.06747285049804        1.1114109904466580        4682.6326063022170        20.811700472454298     
          15   2.5000000000000000       -1.1365856842105262       2.81232143608933847E-004  3.54587134502923991E-003  0.40916409356725142       0.47013612097106022       7.62634307090466544E-004   243.44369424734032        1.0819719744326237        4475.5618305219277        19.891385913430788     
          15   2.5099999999999998       -1.1255331461988305       2.78336480751494183E-004  1.19646783625730981E-003  0.39909228070175440       0.46031864885048068       7.46726083867551324E-004   236.56007730007914        1.0513781213336850        4273.7146370727505        18.994287275878889     
          15   2.5200000000000000       -1.1153344093567252       2.75682889189328309E-004  3.19485380116959062E-004  0.38937773099415202       0.45070329758738215       7.31134739042346455E-004   230.23278897380965        1.0232568398835984        4080.8041148818979        18.136907177252880     
          15   2.5300000000000002       -1.1063352514619884       2.73405389794339657E-004  2.86479532163742671E-004  0.38126893567251463       0.44263415742906348       7.18045087428674056E-004   224.65792023869182       0.99847964550529700        3920.4343219974267        17.424152542210784     
          15   2.5400000000000000       -1.0959060116959063       2.70084391955013067E-004 -1.57178947368421065E-003  0.37200605847953216       0.43315751934971736       7.02687364600313499E-004   217.51047364005504       0.96671321617802242        3739.5325417842387        16.620144630152172     
          15   2.5499999999999998       -1.0864831345029240       2.67166482452777757E-004 -2.04472514619883023E-003  0.36292902923976605       0.42424919816571194       6.88240452572175167E-004   211.16999858475015       0.93853332704333403        3573.1959070366197        15.880870697940532     
          15   2.5599999999999996       -1.0770543157894736       2.64614974629397029E-004 -3.93099415204678363E-004  0.35371094736842101       0.41512116095376894       6.73418860388260592E-004   205.54056073055500       0.91351360324691111        3407.8025691652424        15.145789196289966     
          15   2.5699999999999998       -1.0678192748538011       2.61945254105260081E-004 -2.26736842105263158E-004  0.34603230409356728       0.40691637774797434       6.60107539482115394E-004   199.84967893568870       0.88822079526972753        3261.6857618348404        14.496381163710401     
          15   2.5800000000000001       -1.0589065730994152       2.59397574789920111E-004  6.44116959064327437E-004  0.33736528654970760       0.39817205093307279       6.45914527916995203E-004   194.46481897273128       0.86428808432325011        3110.8977586882261        13.826212260836561     
          15   2.5899999999999999       -1.0510991812865496       2.56520366785126946E-004  1.04514619883040922E-003  0.33100605847953218       0.39151835841663662       6.35117021714235157E-004   188.70908511316830       0.83870704494741466        2996.1699190108989        13.316310751159550     
          15   2.5999999999999996       -1.0426325146198829       2.54923412515140860E-004 -1.77214035087719314E-003  0.32414881871345030       0.38447214205738445       6.23712788569451390E-004   184.93596759658516       0.82193763376260065        2878.1419929034628        12.791742190682056     
          15   2.6099999999999999       -1.0341478362573100       2.51150435463894117E-004  1.77286549707602323E-004  0.31697235087719294       0.37669876204062175       6.11084388570446130E-004   178.12935247330103       0.79168601099244895        2752.4080453270394        12.232924645897953     
          15   2.6200000000000001       -1.0259733333333334       2.49592138504869444E-004  1.62900584795321626E-004  0.30970016374269005       0.36913651661849245       5.98816912311345238E-004   174.58537270862129       0.77593498981609466        2632.9200979330531        11.701867101924680     
          15   2.6299999999999999       -1.0177562105263158       2.47169782702167610E-004 -1.76428070175438595E-003  0.30358963742690054       0.36261106556928779       5.88250363188779304E-004   169.91350059151421       0.75517111374006318        2530.9357051185557        11.248603133860248     
          15   2.6399999999999997       -1.0111399298245614       2.45652535000650835E-004  1.06881871345029236E-003  0.29798105263157892       0.35678398551460816       5.78769252298391734E-004   166.56481985785871       0.74028808825714987        2441.0007731169317        10.848892324964140     
          15   2.6499999999999999       -1.0041845614035088       2.43717697676705536E-004  2.66409356725146170E-004  0.29281826900584795       0.35116880183384247       5.69668286073088566E-004   162.71628439217443       0.72318348618744188        2355.8669738219728        10.470519883653212     
          15   2.6600000000000001      -0.99654465497076028       2.41790648933574981E-004  5.70807017543859701E-004  0.28670133333333336       0.34449390356092408       5.58836932883036391E-004   158.95140141142804       0.70645067293968011        2258.6310209984376        10.038360093326389     
          15   2.6699999999999999      -0.98948313450292402       2.39743567250709456E-004  9.34877192982456161E-004  0.28172874853801172       0.33897160773610829       5.49874616907908981E-004   155.10294225025760       0.68934641000114483        2178.5980864519488        9.6826581620086607     
          15   2.6799999999999997      -0.98311097076023390       2.37778116285610765E-004  2.08161403508771905E-003  0.27659188304093568       0.33360674821732900       5.41159113770001382E-004   151.43379606275266       0.67303909361223402        2102.2433480576237        9.3433037691449936     
          15   2.6899999999999999      -0.97648523976608192       2.36706715409409549E-004  1.57155555555555564E-003  0.27189017543859650       0.32838223279010653       5.32689072242398839E-004   148.95847966367126       0.66203768739409452        2029.3740945756213        9.0194404203360943     
          15   2.7000000000000002      -0.96982938011695907       2.34851366443881212E-004  1.27740350877192984E-003  0.26725094736842103       0.32324288857799227       5.24354961300364168E-004   145.54835029036184       0.64688155684605264        1959.0812485597517        8.7070277713766746     
          15   2.7100000000000000      -0.96345384795321642       2.33186707539297523E-004  1.33005847953216383E-003  0.26339104093567250       0.31889154282979831       5.17295356733739309E-004   142.43529915489052       0.63304577402173567        1899.6526313786019        8.4429005839048976     
          15   2.7199999999999998      -0.95742994152046790       2.32160726026236933E-004 -3.88935672514619868E-004  0.25862842105263156       0.31359065042884687       5.08715680697806034E-004   140.14846042589670       0.62288204633731870        1830.2974554227535        8.1346553574344593     
          15   2.7300000000000000      -0.95109712280701753       2.30113949685174031E-004 -2.42362573099415209E-004  0.25430706432748540       0.30867619316805101       5.00741737708622890E-004   136.68134136261543       0.60747262827829074        1766.8854424490273        7.8528241886623436     
          15   2.7400000000000002      -0.94495466666666672       2.29348264085773174E-004  1.39415204678362576E-004  0.24999417543859648       0.30399709789661589       4.93146759159542600E-004   134.78402515794573       0.59904011181309214        1707.4706896738580        7.5887586207727020     
          15   2.7500000000000000      -0.93931719298245608       2.27725848035759175E-004 -1.16456140350877191E-003  0.24735616374269007       0.30075198212121157       4.87898098124408294E-004   131.91916728609777       0.58630741016043453        1665.1096096074036        7.4004871538106825     
          15   2.7599999999999998      -0.93320589473684212       2.26189635441340726E-004 -6.38807017543859728E-004  0.24243789473684210       0.29533336589529829       4.79101780619751679E-004   129.20397347539304       0.57423988211285792        1599.8488459845739        7.1104393154869951     
          15   2.7700000000000000      -0.92751630409356722       2.25407831203357559E-004  4.18760233918128637E-004  0.23953148538011698       0.29198225443866022       4.73652592403711126E-004   127.38758239395511       0.56616703286202275        1558.1070363950519        6.9249201617557858     
          15   2.7800000000000002      -0.92198741520467831       2.24313144738317081E-004 -1.73052631578947381E-004  0.23598311111111112       0.28810881201961325       4.67376374552559465E-004   125.24733360524671       0.55665481602331868        1511.5870654018215        6.7181647351192071     
          15   2.7900000000000000      -0.91650465497076017       2.23454846456880383E-004 -1.37239766081871336E-003  0.23255871345029239       0.28409166573820910       4.60874951892334764E-004   123.40131369618778       0.54845028309416788        1464.4268540305206        6.5085637956912032     
          15   2.7999999999999998      -0.91101763742690056       2.22421778024948006E-004 -5.40818713450292319E-004  0.22971819883040934       0.28080517813989014       4.55533093456394578E-004   121.39119492334227       0.53951642188152116        1425.6588621448359        6.3362616095326043     
          15   2.8099999999999996      -0.90525431578947368       2.21347585726252460E-004 -8.44093567251461918E-004  0.22632877192982453       0.27695772210043024       4.49295739428370313E-004   119.36735533179011       0.53052157925240051        1381.9159818295857        6.1418488081314919     
          15   2.8199999999999998      -0.90033356725146207       2.20136244501636962E-004 -1.20444444444444437E-004  0.22336629239766082       0.27367654542172609       4.43963567799419479E-004   117.22858491542623       0.52101593295744986        1344.5934835052260        5.9759710378010045     
          15   2.8300000000000001      -0.89527560233918124       2.19448879660002707E-004 -9.90198830409356806E-004  0.22096180116959063       0.27079446411138525       4.39299809736330758E-004   115.67579629634329       0.51411465020597014        1311.7538792560808        5.8300172411381368     
          15   2.8399999999999999      -0.89026240935672518       2.18173178696444198E-004  4.03251461988304145E-004  0.21804170760233918       0.26734261386913866       4.33681549920237599E-004   113.53105434493989       0.50458246375528837        1274.0371383956829        5.6623872817585905     
          15   2.8499999999999996      -0.88507686549707598       2.17356151753688836E-004 -6.57333333333333337E-004  0.21525651461988304       0.26418454651982021       4.28572895296165765E-004   111.89296588067199       0.49730207058076442        1239.7448344637121        5.5099770420609424     
          15   2.8599999999999999      -0.88063260818713451       2.16782443291153838E-004 -3.55321637426900592E-005  0.21290626900584797       0.26146365768209362       4.24150551130469478E-004   110.52608327420582       0.49122703677424806        1210.1011112550511        5.3782271611335606     
          15   2.8700000000000001      -0.87545366081871345       2.15497377947667968E-004 -6.25450292397660714E-004  0.21002942690058479       0.25818274944651293       4.18836458131453143E-004   108.45980515981522       0.48204357848806761        1175.8042715198394        5.2257967623103969     
          15   2.8799999999999999      -0.87060575438596488       2.14786488872540255E-004 -1.05356725146198843E-003  0.20736311111111111       0.25501975502221774       4.13711563559589061E-004   106.99847170918986       0.47554876315195493        1143.1751738842720        5.0807785505967642     
          15   2.8899999999999997      -0.86618488888888889       2.14392639957339389E-004  2.96187134502923937E-004  0.20546252631578946       0.25265198700329300       4.09851417715993444E-004   105.86994597236512       0.47053309321051162        1118.1808052771139        4.9696924678982839     
          15   2.8999999999999999      -0.86084004678362580       2.13229517325783964E-004 -4.79415204678362600E-004  0.20284556725146199       0.24960173105479269       4.04914399270135759E-004   104.00333954188569       0.46223706463060310        1087.5785213007450        4.8336823168922001     
          15   2.9100000000000001      -0.85664341520467835       2.12442514520847636E-004  5.30058479532163760E-005  0.20056624561403510       0.24717727836427675       4.00973720618173096E-004   102.52871662618018       0.45568318500524524        1062.8919532916773        4.7239642368518986     
          15   2.9199999999999999      -0.85211602339181292       2.11725759594458821E-004 -9.74970760233918106E-005  0.19846530994152045       0.24457230297810828       3.96750102657611112E-004   101.14171867308308       0.44951874965814703        1037.0427551680643        4.6090789118580640     
          15   2.9299999999999997      -0.84775012865497068       2.11183868913569284E-004  8.60818713450292399E-004  0.19667101754385966       0.24233628646468089       3.93108562334092192E-004   99.938971576602924       0.44417320700712409        1014.6793756440680        4.5096861139736362     
          15   2.9399999999999999      -0.84296982456140346       2.10099452881190959E-004 -2.24912280701754393E-004  0.19444198830409357       0.23981682071609484       3.89037635537367154E-004   98.243497465468280       0.43663776651319236        990.32240857571560        4.4014329270031807     
          15   2.9500000000000002      -0.83883714619883043       2.09702685987622886E-004 -5.27836257309941535E-004  0.19255707602339184       0.23743976236876627       3.85186170615339383E-004   97.210368011407468       0.43204608005069983        967.49286727804099        4.2999682990135151     
          15   2.9600000000000000      -0.83475985964912280       2.08814219552087485E-004  2.74315789473684199E-004  0.19051405847953218       0.23506562135237977       3.81322584671098231E-004   95.738220165152256       0.42550320073401005        945.04169309604515        4.2001853026490892     
          15   2.9699999999999998      -0.83070839766081872       2.08489289929650941E-004 -3.79438596491228056E-004  0.18847578947368421       0.23272655026764819       3.77538194628397020E-004   94.798886167588506       0.42132838296706004        923.20744134940367        4.1031441837751270     
          15   2.9800000000000000      -0.82625071345029244       2.07609111357777258E-004 -2.05426900584795331E-004  0.18684802339181286       0.23078634220960159       3.74388092896206970E-004   93.370336442869686       0.41497927307942084        904.83342650426675        4.0214818955745191     
          15   2.9900000000000002      -0.82223499415204682       2.07706955556964142E-004  5.92374269005847874E-004  0.18529162573099414       0.22882148510746020       3.71188132439371208E-004   92.834272094547288       0.41259676486465463        886.51183367479780        3.9400525941102122     
          15   3.0000000000000000      -0.81803214035087723       2.06587487133095491E-004 -5.23017543859649126E-004  0.18330449122807016       0.22646883053100106       3.67389280580581042E-004   91.225058282929240       0.40544470347968553        865.48259792353656        3.8465893241046070     
          15   3.0099999999999998      -0.81403700584795324       2.06715604453368626E-004  4.89122807017543866E-004  0.18167225730994155       0.22462024497124511       3.64374303544698212E-004   90.732351175261158       0.40325489411227183        848.58289700904663        3.7714795422624294     
          15   3.0200000000000000      -0.81030685380116951       2.05728756229355550E-004  6.89052631578947455E-004  0.18027202339181286       0.22281498952753301       3.61442494159511013E-004   89.273949379911841       0.39677310835516372        832.22881331429437        3.6987947258413083     
          15   3.0300000000000002      -0.80614984795321643       2.05036361813333708E-004  2.61801169590643269E-004  0.17848257309941520       0.22088048556150075       3.58311189878922094E-004   88.089703862683294       0.39150979494525906        815.14805060325637        3.6228802249033616     
          15   3.0400000000000000      -0.80240051461988304       2.04522877776373049E-004  1.80631578947368425E-004  0.17689534502923976       0.21900025522102615       3.55262352945927057E-004   87.073350386725622       0.38699266838544721        798.69395803612042        3.5497509246049797     
          15   3.0499999999999998      -0.79809978947368421       2.04154258049823030E-004 -3.01497076023391809E-004  0.17536259649122807       0.21708959268942646       3.52170828916374570E-004   86.191777884877283       0.38307456837723236        782.24422718022811        3.4766410096899025     
          15   3.0600000000000001      -0.79436753216374267       2.03884404357852962E-004 -2.20514619883040944E-004  0.17395118128654968       0.21543808989660485       3.49490420933689532E-004   85.403131105836223       0.37956947158149434        767.87076758161788        3.4127589670294127     
          15   3.0699999999999998      -0.79084757894736846       2.03373664895589750E-004  1.82081871345029231E-004  0.17257768421052633       0.21386699430735234       3.46935008327813250E-004   84.423103182719373       0.37521379192319720        754.24749717437089        3.3522110985527593     
          15   3.0800000000000001      -0.78710222222222226       2.02824348356000968E-004  1.39649122807017530E-004  0.17119602339181286       0.21223256556037878       3.44284311906875422E-004   83.423302522835399       0.37077023343482401        740.35187357538575        3.2904527714461591     
          15   3.0899999999999999      -0.78350727485380112       2.02404924571771867E-004 -1.82222222222222243E-005  0.16978626900584798       0.21043707675895376       3.41374328662478988E-004   82.541778760306073       0.36685235004580474        725.52281520371321        3.2245458453498363     
          15   3.0999999999999996      -0.77940187134502925       2.01770060458200987E-004 -7.03415204678362570E-004  0.16823529824561403       0.20858491557288703       3.38381571035868613E-004   81.496450416953806       0.36220644629757248        710.50019135876164        3.1577786282611626     
          15   3.1099999999999999      -0.77601164912280696       2.00870868305118419E-004  6.94269005847953161E-004  0.16679532163742689       0.20672534210765178       3.35340680775377854E-004   80.253091009308704       0.35668040448581645        695.64423027852251        3.0917521345712111     
          15   3.1200000000000001      -0.77240790643274848       2.00630602826158439E-004  5.11064327485380161E-004  0.16578919298245615       0.20547413921060839       3.33314102246109719E-004   79.548830819576352       0.35355035919811711        685.04972285758924        3.0446654349226190     
          15   3.1299999999999999      -0.76868832748538007       2.00001915853460695E-004  3.18760233918128646E-004  0.16447639766081873       0.20404562575050275       3.31000082190176942E-004   78.546758930170895       0.34909670635631507        673.40171289257739        2.9928965017447884     
          15   3.1399999999999997      -0.76557581286549714       2.00309888886910362E-004 -2.56421052631578949E-004  0.16351686549707603       0.20284095101829536       3.29056030499723612E-004   78.287805020841560       0.34794580009262915        663.35494393277713        2.9482441952567870     
          15   3.1499999999999999      -0.76223069005847954       1.99298068054648873E-004  4.55953216374268969E-004  0.16223508771929826       0.20130770811453988       3.26556059858791028E-004   77.007620273060567       0.34225609010249142        651.28798049453462        2.8946132466423760     
          15   3.1600000000000001      -0.75845679532163746       1.99000725907014849E-004 -1.55345029239766083E-004  0.16046367251461988       0.19917632599510185       3.23109478184697540E-004   76.292841234912643       0.33907929437738954        635.55497648163498        2.8246887843628223     
          15   3.1699999999999999      -0.75525529824561410       1.98782175660993044E-004  1.74690058479532167E-004  0.15984240935672514       0.19843096553504669       3.21894358622395972E-004   75.645829172642067       0.33620368521174254        628.81707864568284        2.7947425717585905     
          15   3.1799999999999997      -0.75226750877192983       1.98388330883907322E-004  1.36865497076023394E-004  0.15883412865497076       0.19719559494082919       3.19890994480806869E-004   74.873242269094476       0.33276996564041988        619.05911919893208        2.7513738631063647     
          15   3.1899999999999999      -0.74860898245614038       1.97982478436271371E-004  2.30432748538011718E-004  0.15737181286549706       0.19534236970895169       3.16882915692513669E-004   74.100438847638060       0.32933528376728027        605.57320780658915        2.6914364791403962     
          15   3.2000000000000002      -0.74489721637426898       1.97918069306613154E-004  6.65730994152046802E-005  0.15623686549707602       0.19405721147521435       3.14801129558488961E-004   73.590129591369887       0.32706724262831061        595.76444304262463        2.6478419690783319     
          15   3.2100000000000000      -0.74216785964912280       1.96754963336725895E-004 -6.25497076023391905E-005  0.15588540350877192       0.19354322517979144       3.13969735432606295E-004   72.275309712592957       0.32122359872263534        590.76656233311758        2.6256291659249671     
          15   3.2199999999999998      -0.73869534502923972       1.96915502460708221E-004  5.25637426900584783E-004  0.15436942690058481       0.19175246985269026       3.11053699578947769E-004   71.944352013442980       0.31975267561530213        578.07985353107313        2.5692437934714363     
          15   3.2300000000000000      -0.73559335672514625       1.96586057773706098E-004  1.87695906432748533E-004  0.15343181286549709       0.19054884894340932       3.09107499737166179E-004   71.260524653787115       0.31671344290572051        569.08187246832415        2.5292527665258850     
          15   3.2400000000000002      -0.73252711111111113       1.96228590742865113E-004 -4.60959064327485385E-004  0.15247394152046784       0.18942565357579891       3.07297759508382126E-004   70.563998521767530       0.31361777120785567        560.65415233374370        2.4917962325944165     
          15   3.2500000000000000      -0.72959719298245607       1.95643455387200073E-004 -4.73941520467836223E-004  0.15137340350877193       0.18818509904074407       3.05285620826638391E-004   69.712805393565588       0.30983469063806929        551.63191486792243        2.4516973994129887     
          15   3.2599999999999998      -0.72655176608187133       1.95176939091850103E-004 -1.06479532163742687E-004  0.15069405847953218       0.18717078572239906       3.03633159335689321E-004   68.955742353015893       0.30646996601340398        544.03071834624348        2.4179143037610822     
          15   3.2700000000000000      -0.72267789473684207       1.95467933297350756E-004  2.12865497076023398E-005  0.14927700584795323       0.18558106936684687       3.01051834584112961E-004   68.739151944585103       0.30550734197593377        533.19322652756955        2.3697476734558647     
          15   3.2800000000000002      -0.72022839766081881       1.94674841987829624E-004 -8.90923976608187177E-004  0.14881447953216376       0.18498587649581247       3.00104079160977942E-004   67.767366226037467       0.30118829433794431        528.15118928139145        2.3473386190284065     
          15   3.2900000000000000      -0.71695143859649113       1.94578564810331229E-004 -3.33567251461988330E-004  0.14790392982456141       0.18388380770704665       2.98305465385469159E-004   67.289426745566232       0.29906411886918327        520.30102983438439        2.3124490214861528     
          15   3.2999999999999998      -0.71445366081871342       1.94279147562781738E-004  1.25824561403508771E-004  0.14735934502923975       0.18307705809516311       2.96987727818874580E-004   66.676551729238767       0.29634022990772785        514.18421645562830        2.2852631842472371     
          15   3.3100000000000001      -0.71143087719298248       1.94088123401610656E-004  3.17192982456140362E-005  0.14604715789473685       0.18171196681119042       2.94775105656982128E-004   66.144017093805118       0.29397340930580051        505.01477869683907        2.2445101275415071     
          15   3.3199999999999998      -0.70859985964912287       1.93708140786419804E-004  1.17192982456140346E-005  0.14513660818713450       0.18057799223618581       2.92935951299767936E-004   65.488977694135897       0.29106212308504842        497.22916087340224        2.2099073816595656     
          15   3.3300000000000001      -0.70551508771929827       1.92878024019034353E-004  6.64093567251462016E-005  0.14435520467836258       0.17955338890476696       2.91272725856035297E-004   64.539509755319273       0.28684226557919679        490.12624242036219        2.1783388552016096     
          15   3.3399999999999999      -0.70245992982456140       1.92436840244395775E-004 -1.86409356725146177E-004  0.14354879532163745       0.17866236415057493       2.89832387360179969E-004   63.860473424465397       0.28382432633095733        483.82048182061641        2.1503132525360731     
          15   3.3499999999999996      -0.69990072514619883       1.92397728507385433E-004 -3.18456140350877189E-004  0.14261981286549705       0.17753292612090307       2.88002902112908230E-004   63.453984688861276       0.28201770972827234        476.29569288464057        2.1168697461539581     
          15   3.3599999999999999      -0.69694152046783631       1.92128125856297376E-004  3.84093567251461986E-005  0.14229106432748539       0.17702893865187105       2.87178077945575959E-004   62.900191958347676       0.27955640870376747        472.18726473944730        2.0986100655086548     
          15   3.3700000000000001      -0.69453146198830407       1.91955217585533603E-004  3.60257309941520477E-004  0.14127726315789474       0.17588391115002389       2.85313996270728063E-004   62.414956716003488       0.27739980762668215        464.71377108755769        2.0653945381669230     
          15   3.3799999999999999      -0.69130072514619878       1.91626133734701750E-004  7.79181286549707593E-005  0.14023090058479534       0.17458279551155370       2.83209083010354157E-004   61.833624878810916       0.27481611057249294        456.51088384040884        2.0289372615129282     
          15   3.3899999999999997      -0.68864435087719289       1.91764093649619095E-004 -3.12701754385964910E-004  0.13981457309941520       0.17409234567123433       2.82421552251275565E-004   61.557903534609615       0.27359068237604273        452.60910954147363        2.0115960424065493     
          15   3.3999999999999999      -0.68602470175438601       1.91340325033226755E-004  3.73239766081871370E-004  0.13918128654970760       0.17329575001153311       2.81115064139106808E-004   60.926160959234771       0.27078293759659899        447.15689169027206        1.9873639630678759     
