          30   1.3999999999999999       -1.9677743508771930       3.11981464578973321E-005  4.99042280701754437E-002  0.99028840350877190       0.99073466965985246       1.60713846431583636E-003   152.85164928230060       0.16983516586922290        566458.89320446923        629.39877022718804     
          30   1.4099999999999999       -1.9662671695906433       3.22737973274368634E-005  3.82255204678362617E-002  0.98963534502923978       0.99018719507956943       1.60626094794468952E-003   161.26143681525807       0.17917937423917563        562409.70752939838        624.89967503266485     
          30   1.4199999999999999       -1.9648778830409355       3.25442812870569594E-005 -5.82362046783625742E-002  0.98945047368421046       0.98989568487774060       1.60587586679738679E-003   161.67441442886144       0.17963823825429048        557018.75298410363        618.90972553789288     
          30   1.4299999999999999       -1.9632121871345027       3.39029057646240791E-005  4.89833040935672495E-002  0.98863278947368427       0.98925331453823606       1.60473616000906985E-003   173.00967310671282       0.19223297011856980        552965.33745344088        614.40593050382324     
          30   1.4399999999999999       -1.9616854853801169       3.33024458046363102E-005  0.11845361988304093       0.98879343274853793       0.98914015581021542       1.60448928807092775E-003   164.62503933471902       0.18291671037191001        542456.43062223447        602.72936735803830     
          30   1.4500000000000000       -1.9599749707602339       3.44225249180397567E-005  5.89566666666666642E-002  0.98804514619883044       0.98852701351669792       1.60354881848850505E-003   173.46747502945939       0.19274163892162155        543934.42207263166        604.37158008070185     
          30   1.4600000000000000       -1.9585000467836255       3.35994880049576800E-005  1.00092865497076015E-002  0.98838410526315779       0.98851630198912022       1.60357606770547448E-003   163.01524577468186       0.18112805086075762        542069.91624631453        602.29990694034950     
          30   1.4700000000000000       -1.9566392280701754       3.48437925041156140E-005  2.98511695906432777E-002  0.98758207017543853       0.98783685633653195       1.60245575254672158E-003   172.93575077713174       0.19215083419681306        537206.63643050287        596.89626270055874     
          30   1.4800000000000000       -1.9546811345029240       3.64861365717107099E-005 -4.03107602339181220E-002  0.98657046783625735       0.98701844610091749       1.60119215674895689E-003   187.06862045375635       0.20785402272639594        532290.65472823987        591.43406080915543     
          30   1.4900000000000000       -1.9527317426900586       3.74923363122096887E-005 -4.98507836257309905E-002  0.98588568421052625       0.98638864227354006       1.60017921970422288E-003   194.88619965096359       0.21654022183440400        527574.99121630343        586.19443468478164     
          30   1.5000000000000000       -1.9508961637426900       3.72647092071385467E-005 -0.10865400584795321       0.98592638011695899       0.98616013447371276       1.59986227819967431E-003   189.96848995362720       0.21107609994847468        518781.30363273824        576.42367070304249     
          30   1.5100000000000000       -1.9490253450292399       3.73930727835017048E-005 -6.89901754385964933E-002  0.98565424561403514       0.98577290413741536       1.59919788634473774E-003   188.75437674522013       0.20972708527246681        518715.72524623648        576.35080582915168     
          30   1.5200000000000000       -1.9467824327485381       3.93377867473531983E-005  1.91806491228070190E-002  0.98438285964912287       0.98476434825060821       1.59748116680529157E-003   206.15851769835393       0.22906501966483769        516584.38728327962        573.98265253697730     
          30   1.5299999999999998       -1.9446224093567253       4.09624485850839398E-005  5.92324561403508726E-002  0.98325909941520473       0.98387471575211050       1.59600128813440663E-003   220.62644766524053       0.24514049740582280        510618.16187781765        567.35351319757513     
          30   1.5400000000000000       -1.9424903859649123       4.04718224668554509E-005  9.83090116959064314E-002  0.98330262573099414       0.98361096384705371       1.59553760611877882E-003   212.58503869292934       0.23620559854769926        503791.52714272618        559.76836349191797     
          30   1.5499999999999998       -1.9404421052631580       4.05340969462928736E-005 -5.90818713450292436E-005  0.98306605263157898       0.98320922237220942       1.59497602737659417E-003   210.49715134002173       0.23388572371113525        505178.90379893471        561.30989310992743     
          30   1.5599999999999998       -1.9380305497076022       4.15654592674712952E-005 -0.10783064327485380       0.98226497076023389       0.98244764950382701       1.59383945226072789E-003   218.51667611228149       0.24279630679142389        495125.96696992684        550.13996329991869     
          30   1.5699999999999998       -1.9357392982456139       4.21821852837669367E-005 -0.17647150877192982       0.98168371929824561       0.98181457391090898       1.59287553367623309E-003   222.19151011629799       0.24687945568477554        481262.61652856751        534.73624058729729     
          30   1.5799999999999998       -1.9332014970760234       4.33338394220129106E-005 -2.93700467836257306E-002  0.98080097076023398       0.98097299619268785       1.59137531767218534E-003   231.53080455874536       0.25725644950971704        492892.90499054524        547.65878332282807     
          30   1.5899999999999999       -1.9307728654970759       4.38419317599415034E-005 -8.83814327485380191E-002  0.98025758479532166       0.98034918415429650       1.59041762511408290E-003   234.02040701731295       0.26002267446368105        485629.76643146004        539.58862936828893     
          30   1.5999999999999999       -1.9282065964912283       4.43942075310410400E-005 -2.94425263157894745E-002  0.97956035087719306       0.97961570034573897       1.58917359712359312E-003   236.96339642920069       0.26329266269911189        485382.40436655853        539.31378262950943     
          30   1.6099999999999999       -1.9255898128654969       4.55773790689102749E-005  0.12696742690058480       0.97855293567251467       0.97871135232155804       1.58756254434963269E-003   246.66955950893609       0.27407728834326234        473802.29737401457        526.44699708223845     
          30   1.6199999999999999       -1.9228903859649122       4.61608068514139202E-005 -4.89739181286549669E-002  0.97790362573099410       0.97797587789872753       1.58653149753626671E-003   249.91099811294637       0.27767888679216263        477019.18654745736        530.02131838606374     
          30   1.6299999999999999       -1.9200178245614035       4.69884695069600959E-005 -6.84233099415204743E-002  0.97707790643274850       0.97712390620799516       1.58516739443397437E-003   255.78554964864566       0.28420616627627293        472130.30477254739        524.58922752505271     
          30   1.6399999999999999       -1.9171628070175439       4.83015200996878629E-005  2.90327017543859645E-002  0.97594230409356719       0.97609158381117322       1.58340283253429566E-003   266.99462394590330       0.29666069327322586        470151.60036270414        522.39066706967128     
          30   1.6499999999999999       -1.9142262339181288       4.87789587687418073E-005  3.90187894736842150E-002  0.97524212280701750       0.97529328976089624       1.58209857870563256E-003   269.00836097468226       0.29889817886075809        466203.86269558687        518.00429188398539     
          30   1.6599999999999999       -1.9110956023391812       4.99549639834527982E-005 -8.76671520467836307E-002  0.97422067251461997       0.97428584412167285       1.58058143365911140E-003   278.74670333277948       0.30971855925864389        459429.74395866756        510.47749328740838     
          30   1.6699999999999999       -1.9080184210526314       5.08116072152301154E-005  1.95288362573099415E-002  0.97321995906432757       0.97329402249783670       1.57887331207637381E-003   284.94532606950662       0.31660591785500736        459284.49210503494        510.31610233892769     
          30   1.6799999999999999       -1.9048201520467838       5.18935737065664380E-005  4.86649824561403571E-002  0.97216342690058477       0.97225239274155706       1.57715653779444908E-003   293.68192068790961       0.32631324520878846        454615.60243221634        505.12844714690704     
          30   1.6899999999999999       -1.9015690175438598       5.28025123082890871E-005 -8.74760175438596549E-002  0.97114202923976611       0.97122670360661445       1.57561893049718840E-003   300.47225699640381       0.33385806332933760        448437.69081900705        498.26410091000781     
          30   1.7000000000000000       -1.8981853918128655       5.37957519580092424E-005 -4.85273274853801131E-002  0.97006036842105259       0.97013213240310092       1.57380721213989569E-003   308.22420258213572       0.34247133620237302        447311.28045563091        497.01253383958988     
          30   1.7100000000000000       -1.8946167017543858       5.48415517361197150E-005  9.61830994152046946E-003  0.96884202923976603       0.96894776769298507       1.57183189263370490E-003   316.58903124478911       0.35176559027198789        444679.23061472579        494.08803401636197     
          30   1.7200000000000000       -1.8911714736842105       5.57665993361134880E-005  3.86580818713450278E-002  0.96772233918128647       0.96781794061994686       1.56997201849145727E-003   323.56388809701122       0.35951543121890134        440403.17808279610        489.33686453644009     
          30   1.7300000000000000       -1.8875125263157895       5.67895817564924069E-005 -0.10632996491228069       0.96655654970760241       0.96663596543301444       1.56818973247405168E-003   331.67577275305007       0.36852863639227784        432193.07102115551        480.21452335683944     
          30   1.7400000000000000       -1.8836739415204677       5.80766651637492802E-005  3.86356725146198843E-002  0.96519715789473681       0.96530716653818560       1.56589893238169011E-003   342.90471774597182       0.38100524193996871        433082.42561451264        481.20269512723627     
          30   1.7500000000000000       -1.8799806549707601       5.89111380360884517E-005 -0.10602343859649123       0.96398864327485390       0.96409315064412138       1.56406471711200670E-003   348.80872765806862       0.38756525295340960        425011.45897459338        472.23495441621486     
          30   1.7599999999999998       -1.8760519999999998       6.00842912831622727E-005 -9.64652631578947345E-003  0.96268474853801167       0.96277888467016748       1.56184261887353697E-003   358.72790862608673       0.39858656514009638        426561.70539226366        473.95745043584850     
          30   1.7700000000000000       -1.8719757076023393       6.12045369382076601E-005 -9.75138596491228159E-003  0.96116536257309948       0.96131729422804846       1.55947171812092448E-003   368.03516429261288       0.40892796032512541        422863.86385847273        469.84873762052524     
          30   1.7799999999999998       -1.8678221403508772       6.22997062291764654E-005 -9.67559649122807022E-003  0.95977722222222217       0.95991055729775987       1.55718963172226592E-003   377.05144406110082       0.41894604895677867        419259.03105833160        465.84336784259068     
          30   1.7900000000000000       -1.8636245730994152       6.33622260681121680E-005 -5.75532163742690020E-002  0.95837897076023393       0.95849110593471110       1.55493200746099577E-003   385.67670387689435       0.42852967097432704        414228.03923304292        460.25337692560322     
          30   1.7999999999999998       -1.8593826315789472       6.45329793208937051E-005 -0.10530261403508773       0.95689266081871349       0.95701119930465905       1.55257632959154737E-003   395.62801490293504       0.43958668322548339        407151.80778236373        452.39089753595971     
          30   1.8100000000000001       -1.8548149473684210       6.56478384137694986E-005 -2.86771403508771922E-002  0.95526786549707610       0.95539429974184331       1.54988126155427425E-003   404.90424232765793       0.44989360258628658        408112.85667204839        453.45872963560930     
          30   1.8199999999999998       -1.8502345263157896       6.68401762678716676E-005 -5.72105438596491184E-002  0.95358230994152049       0.95373488969999365       1.54721635195021845E-003   415.14614796869455       0.46127349774299392        403369.84985543811        448.18872206159790     
          30   1.8299999999999998       -1.8457384678362574       6.79947552205585891E-005 -9.51847719298245659E-002  0.95200088888888890       0.95214267034481659       1.54466946349207310E-003   424.92987482565394       0.47214430536183771        397260.96958801127        441.40107732001252     
          30   1.8399999999999999       -1.8408947017543860       6.92216484415959576E-005 -0.15198383040935673       0.95022778362573102       0.95037919282223748       1.54186274994354993E-003   435.62906116279316       0.48403229018088129        387444.80196156172        430.49422440173527     
          30   1.8499999999999999       -1.8360252046783625       7.05039831378299073E-005 -1.89370409356725139E-002  0.94842895906432745       0.94858954154923203       1.53883342648115430E-003   447.04625924574350       0.49671806582860389        393819.15703887469        437.57684115430521     
          30   1.8599999999999999       -1.8309400467836259       7.18316517829397104E-005 -0.11356915204678364       0.94651932748538015       0.94669656474078745       1.53585273214548604E-003   459.06526526274803       0.51007251695860889        384678.76938186010        427.42085486873344     
          30   1.8699999999999999       -1.8258516374269005       7.29750446591711079E-005 -9.43452631578947480E-003  0.94461825730994153       0.94480020601804904       1.53267732046930287E-003   468.74229420854721       0.52082477134283023        386616.21357968188        429.57357064409098     
          30   1.8799999999999999       -1.8205299766081873       7.42246445431722927E-005 -1.88692807017543859E-002  0.94259933918128658       0.94279285700257331       1.52943000827666562E-003   479.78776611505572       0.53309751790561744        382812.17041665281        425.34685601850310     
          30   1.8899999999999999       -1.8148046081871345       7.57175490347466963E-005 -0.14105519883040937       0.94038697660818704       0.94059474715499469       1.52598131185896686E-003   494.01268664288506       0.54890298515876113        370637.96111077809        411.81995678975346     
          30   1.8999999999999999       -1.8094485614035087       7.69947322862252307E-005 -8.43857894736842057E-002  0.93829364912280699       0.93851626507219799       1.52255545382838468E-003   505.45609766950218       0.56161788629944687        372468.61729230353        413.85401921367060     
          30   1.9099999999999999       -1.8038193333333334       7.83942850029940326E-005 -9.35532748538011640E-003  0.93606043859649124       0.93629836059451788       1.51888551148557176E-003   518.52617936021920       0.57614019928913240        371737.87921397632        413.04208801552926     
          30   1.9199999999999999       -1.7978060350877192       7.99278860358147410E-005 -0.11204807602339181       0.93363924561403511       0.93389575323358887       1.51508708779568568E-003   533.41203672478821       0.59268004080532022        362646.49495803268        402.94054995336967     
          30   1.9299999999999999       -1.7920125497076023       8.13097150467147678E-005  1.86395614035087739E-002  0.93129605263157889       0.93157237813897265       1.51119191811918273E-003   546.30965460254345       0.60701072733615935        364071.77543749765        404.52419493055294     
          30   1.9399999999999999       -1.7859815906432750       8.25967870868673414E-005  1.85599941520467847E-002  0.92883250877192991       0.92912601294292985       1.50722341943153770E-003   557.94509490146675       0.61993899433496302        360295.79710354854        400.32866344838726     
          30   1.9500000000000000       -1.7795267836257309       8.42642795260288476E-005 -4.63535555555555576E-002  0.92615122807017547       0.92646773855935916       1.50297422198532576E-003   574.75984165252703       0.63862204628058561        355649.73998343974        395.16637775937750     
          30   1.9600000000000000       -1.7731492046783626       8.55798567127900666E-005 -8.31253508771929855E-002  0.92346678947368421       0.92380741024040003       1.49869460102700666E-003   586.81280589321159       0.65201422877023507        349833.34126421472        388.70371251579411     
          30   1.9700000000000000       -1.7664940818713448       8.74247538324986699E-005 -1.69999999999999999E-005  0.92057098830409356       0.92094189627212197       1.49396504855736222E-003   606.18474012387492       0.67353860013763878        348725.13734844484        387.47237483160541     
          30   1.9800000000000000       -1.7598056374269007       8.86247670846223678E-005 -9.18209005847953202E-002  0.91769211695906427       0.91808746395699348       1.48942466346984204E-003   616.66379122011449       0.68518199024457160        341367.34650986496        379.29705167762773     
          30   1.9899999999999998       -1.7527765964912281       9.03416821704345149E-005 -9.21349122807017633E-003  0.91458463742690055       0.91501515276282441       1.48435965903257134E-003   634.36440837522673       0.70484934263914079        340756.75955056382        378.61862172284867     
          30   2.0000000000000000       -1.7454747602339180       9.21585583632827010E-005  1.82065087719298219E-002  0.91125638011695909       0.91172921550433961       1.47900209329588131E-003   653.55173073511105       0.72616858970567899        336522.06760421093        373.91340844912327     
          30   2.0099999999999998       -1.7382500350877192       9.38685642001230256E-005 -7.25898713450292415E-002  0.90797897076023393       0.90848916545145986       1.47383604311592952E-003   671.30031454387984       0.74588923838208876        330481.31950241287        367.20146611379209     
          30   2.0200000000000000       -1.7306831111111112       9.53548092805289521E-005  3.61956374269005871E-002  0.90442224561403517       0.90497772984420455       1.46803168808034581E-003   685.88464492957530       0.76209404992175034        327879.40571764193        364.31045079737993     
          30   2.0299999999999998       -1.7228648070175441       9.73354137148095918E-005  2.70723450292397645E-002  0.90066666081871338       0.90128090573701491       1.46204362259670802E-003   707.64965285777419       0.78627739206419356        323830.16302286152        359.81129224762390     
          30   2.0400000000000000       -1.7149255555555556       9.91053179459945588E-005  5.38165380116959052E-002  0.89689446783625726       0.89755655601976481       1.45597496282398402E-003   726.44409676695977       0.80716010751884415        318723.70426828548        354.13744918698387     
          30   2.0499999999999998       -1.7066591111111109       1.01378351292115640E-004 -2.67830760233918157E-002  0.89267473684210519       0.89342392640935120       1.44935200698183254E-003   752.75100061292108       0.83639000068102343        315105.40150572482        350.11711278413867     
          30   2.0600000000000001       -1.6983419883040936       1.02908208560203163E-004  4.44031461988304080E-002  0.88837566081871344       0.88920297765166489       1.44243270264935038E-003   768.12908661415531       0.85347676290461705        310123.95136820799        344.58216818689777     
          30   2.0699999999999998       -1.6895852280701753       1.05011275611228340E-004  4.43261403508771884E-002  0.88389120467836257       0.88479686827862336       1.43528490372634549E-003   792.13607600926207       0.88015119556584676        305569.83576414286        339.52203973793650     
          30   2.0800000000000001       -1.6807344444444445       1.07009059917598936E-004 -8.29287134502923878E-002  0.87919239766081869       0.88020122279998192       1.42795983987602346E-003   814.67247475711429       0.90519163861901586        299029.03225687059        332.25448028541177     
          30   2.0899999999999999       -1.6716917076023390       1.08900898318997630E-004 -2.10337719298245608E-002  0.87421912865497087       0.87534983076757455       1.42002659082082457E-003   835.67799741579631       0.92853110823977369        296791.32746278116        329.76814162531241     
          30   2.1000000000000001       -1.6622384678362574       1.11479447294507485E-004 -3.61403508771929855E-004  0.86874435087719293       0.87006634679388783       1.41143436689765336E-003   867.40044323028462       0.96377827025587182        291991.62235272391        324.43513594747100     
          30   2.1099999999999999       -1.6523329824561404       1.13776000172253938E-004 -2.13884912280701764E-002  0.86309315789473684       0.86453570415320935       1.40248440158878031E-003   894.96289271075534       0.99440321412306154        286749.41143171780        318.61045714635310     
          30   2.1200000000000001       -1.6425624795321636       1.16083772004253472E-004  6.98696549707602393E-002  0.85729270760233922       0.85892199434620953       1.39328215246334818E-003   922.86870002180206        1.0254096666908912        280009.82603094756        311.12202892327508     
          30   2.1299999999999999       -1.6318029590643275       1.18741357536499031E-004  1.07740116959064314E-002  0.85039261988304093       0.85230058357150928       1.38260272639402146E-003   956.56266940028956        1.0628474104447663        276198.66966992139        306.88741074435711     
          30   2.1399999999999997       -1.6207295672514619       1.21657894413372146E-004 -9.65668713450292399E-002  0.84297911695906436       0.84526066201949490       1.37129681542821230E-003   994.76766518008253        1.1052974057556473        266898.94633372739        296.55438481525266     
          30   2.1499999999999999       -1.6095374853801170       1.24292487478541578E-004 -7.53589766081871337E-002  0.83548887134502925       0.83809813343101947       1.35965573570044997E-003   1028.6827448655772        1.1429808276284190        262488.79059681477        291.65421177423860     
          30   2.1600000000000001       -1.5981916608187134       1.27354016032348803E-004 -6.86280292397660890E-002  0.82728194736842109       0.83048477317740876       1.34729867341377247E-003   1070.0064673325951        1.1888960748139945        256873.18203082422        285.41464670091580     
          30   2.1699999999999999       -1.5861892397660817       1.29868476357752151E-004 -9.89214327485380129E-002  0.81876873099415204       0.82236322924770511       1.33415772120738492E-003   1102.4442545874374        1.2249380606527083        248784.15810090731        276.42684233434147     
          30   2.1799999999999997       -1.5736659064327485       1.33543886916463061E-004  5.89862339181286555E-002  0.80854249122807020       0.81302469168638902       1.31883482169902226E-003   1155.0576306166627        1.2833973673518475        244311.52134629455        271.45724594032725     
          30   2.1899999999999999       -1.5606306432748538       1.36616738014340932E-004  8.41710935672514565E-002  0.79829302339181296       0.80336934929334691       1.30314274771124662E-003   1197.8107566414417        1.3309008407127130        236090.04844624840        262.32227605138712     
          30   2.2000000000000002       -1.5469337426900585       1.40670640027465806E-004  7.34586374269005776E-002  0.78590654385964920       0.79232433131319602       1.28523623190308889E-003   1258.4332387714476        1.3982591541904974        229149.61654927814        254.61068505475350     
          30   2.2100000000000000       -1.5321281754385965       1.44103818058429807E-004  4.48094970760233927E-002  0.77170192982456143       0.77957755836906351       1.26458999095253486E-003   1308.6847555663162        1.4540941728514625        222010.83962552770        246.67871069503079     
          30   2.2199999999999998       -1.5171833099415204       1.48353787134940745E-004 -1.86088011695906448E-002  0.75684753801169591       0.76651047641134240       1.24346606718784137E-003   1374.5480982084594        1.5272756646760659        214245.73810971749        238.05082012190832     
          30   2.2300000000000000       -1.5014114152046782       1.52069004724962104E-004 -5.42916198830409383E-002  0.73946408771929817       0.75158685883985943       1.21929998295274987E-003   1431.3317220448591        1.5903685800498435        204111.00151430769        226.79000168256411     
          30   2.2399999999999998       -1.4859365847953216       1.55339663769621730E-004 -1.90990701754385969E-002  0.72353936257309948       0.73735548413265828       1.19617188868840953E-003   1480.2576030194120        1.6447306700215689        196471.40703309907        218.30156337011007     
          30   2.2500000000000000       -1.4688986666666668       1.59392448878830896E-004 -6.80125730994152050E-002  0.70267885380116957       0.71972488509667387       1.16763309818701468E-003   1544.6819277831157        1.7163132530923508        184816.15204601415        205.35128005112682     
          30   2.2599999999999998       -1.4508586432748538       1.62897246709113786E-004 -1.63941228070175436E-002  0.67988174853801175       0.70031359320229658       1.13607976058475524E-003   1599.1132619839384        1.7767925133154872        175680.52781621818        195.20058646246466     
          30   2.2700000000000000       -1.4333546666666666       1.65493680144030000E-004  3.44944444444444422E-003  0.65754818128654968       0.68117634883092326       1.10500938968453801E-003   1635.9865481557465        1.8177628312841627        165564.47084895085        183.96052316550094     
          30   2.2799999999999998       -1.4146737660818713       1.68214544379459099E-004 -1.03418070175438602E-002  0.63112605263157884       0.65893838504267688       1.06895335698958750E-003   1675.4289241256654        1.8615876934729616        154217.19397864607        171.35243775405118     
          30   2.2900000000000000       -1.3966735555555556       1.69148573897558559E-004  2.99188771929824529E-002  0.60702118128654980       0.63812362605631057       1.03513095908627718E-003   1679.3233706213950        1.8659148562459944        143715.44304113532        159.68382560126147     
          30   2.2999999999999998       -1.3775394853801171       1.70115622063742863E-004 -1.89808830409356720E-002  0.57784783040935672       0.61335944184408320       9.95028292072418566E-004   1683.8420028407006        1.8709355587118897        132364.40004017390        147.07155560019322     
          30   2.3100000000000001       -1.3598982222222222       1.70019383330674779E-004 -9.50654970760233912E-004  0.55333188304093561       0.59185566407318990       9.60118116882141158E-004   1667.4066490445073        1.8526740544938969        122829.74065542032        136.47748961713370     
          30   2.3199999999999998       -1.3406801637426902       1.69442391460543433E-004  7.90243274853801199E-003  0.52208219883040929       0.56516836910083601       9.16811558654384486E-004   1641.8625249975080        1.8242916944416756        111498.18877624588        123.88687641805097     
          30   2.3300000000000001       -1.3218749239766081       1.67872468187917507E-004 -3.04494152046783616E-003  0.49217271929824563       0.53872004537649076       8.73924407424115052E-004   1597.7753806737899        1.7753059785264331        100888.46036630216        112.09828929589128     
          30   2.3399999999999999       -1.3051740350877192       1.65804680895641275E-004  5.42163742690058453E-004  0.46739784795321637       0.51620210069209749       8.37389437092845874E-004   1545.3628755361044        1.7170698617067828        92237.647436795945        102.48627492977327     
          30   2.3500000000000001       -1.2881214152046783       1.63100879936337479E-004  1.33405672514619877E-002  0.44033909356725143       0.49173886667158168       7.97681327584007184E-004   1482.6734101734951        1.6474149001927723        83284.938396296697        92.538820440329658     
          30   2.3599999999999999       -1.2722879298245615       1.60538300532516869E-004  2.60830994152046799E-003  0.41687466081871344       0.46990301841832055       7.62278351903187602E-004   1424.3015009472836        1.5825572232747596        75783.752196905480        84.204169107672755     
          30   2.3700000000000001       -1.2562906666666667       1.57357218174394164E-004 -5.71259064327485355E-003  0.39193633333333333       0.44638102083700060       7.24137169119984207E-004   1356.8919381768451        1.5076577090853833        68089.003999163018        75.654448887958907     
          30   2.3799999999999999       -1.2421485029239767       1.54440919447178298E-004 -1.54851461988304113E-003  0.37157040935672514       0.42682721020152997       6.92408435786241445E-004   1296.1028283992173        1.4401142537769080        62002.120282110664        68.891244757900736     
          30   2.3899999999999997       -1.2283838596491228       1.51435889005791159E-004  4.08865497076023419E-004  0.35249727485380117       0.40798053849671895       6.61830924300705606E-004   1235.7494801961261        1.3730549779956958        56411.230804633160        62.679145338481291     
          30   2.3999999999999999       -1.2149112748538011       1.48457829147727587E-004  1.02453216374269007E-003  0.33389178362573096       0.38928686795479406       6.31504317593654680E-004   1177.7479134464861        1.3086087927183179        51145.835364865823        56.828705960962026     
          30   2.4100000000000001       -1.2014627017543860       1.45251843141926498E-004 -2.21673099415204680E-003  0.31483533918128653       0.37018517563850140       6.00525049429216770E-004   1118.0927574834859        1.2423252860927620        46056.448878268973        51.173832086965525     
          30   2.4199999999999999       -1.1901527017543860       1.43103861407480667E-004 -8.25964912280701714E-004  0.30151547368421050       0.35626143899877638       5.77934458714076272E-004   1076.3179637810488        1.1959088486456098        42481.999944854746        47.202222160949717     
          30   2.4299999999999997       -1.1783708654970759       1.40155033024688469E-004  7.83046783625731060E-004  0.28695591228070177       0.34079108493877769       5.52834070284935410E-004   1023.9375373412315        1.1377083748235906        38712.650137161290        43.014055707956992     
          30   2.4399999999999999       -1.1669270994152046       1.38137332650953830E-004 -2.72736257309941525E-003  0.27369892982456140       0.32676558905189823       5.30091304427566059E-004   986.53181241888262        1.0961464582432030        35443.578877984182        39.381754308871315     
          30   2.4500000000000002       -1.1564765964912282       1.36386831753196189E-004 -1.44432163742690069E-003  0.26276376023391812       0.31499746156552205       5.10997490967529449E-004   953.85273338319939        1.0598363704257772        32803.781603861818        36.448646226513134     
          30   2.4600000000000000       -1.1459239883040937       1.34231668581503538E-004 -4.25478947368421092E-003  0.25048760818713450       0.30162167794803335       4.89307685333511752E-004   916.44916281375902        1.0182768475708432        29949.431720944973        33.277146356605527     
          30   2.4699999999999998       -1.1361642923976609       1.32277231893081703E-004  9.42690058479532234E-006  0.24053721637426903       0.29078516156852646       4.71715792317064543E-004   882.76459187853345       0.98084954653170386        27728.894000263059        30.809882222514510     
          30   2.4800000000000000       -1.1261577660818713       1.30514796425180123E-004  7.64327485380116934E-004  0.23089364912280699       0.27979474115856251       4.53884543420302565E-004   852.48109066758741       0.94720121185287487        25568.732063153428        28.409702292392698     
          30   2.4900000000000002       -1.1170232982456141       1.29148937550985026E-004  2.98621637426900585E-003  0.22296126900584795       0.27105850397948622       4.39705028403921555E-004   828.04053420343951       0.92004503800382165        23897.861053816938        26.553178948685485     
          30   2.5000000000000000       -1.1079938128654971       1.27477988767745902E-004  7.59801169590643339E-004  0.21471265497076025       0.26173450798579334       4.24586822213646848E-004   800.31140152303499       0.88923489058115002        22195.417620770349        24.661575134189277     
          30   2.5099999999999998       -1.0988427251461987       1.26261447864354343E-004  2.21128654970760216E-003  0.20756608187134504       0.25348796409340801       4.11203915847515623E-004   778.86592278408068       0.86540658087120070        20734.469762204368        23.038299735782630     
          30   2.5200000000000000       -1.0904737894736842       1.25316530601932797E-004  2.67374269005847944E-004  0.20096772514619882       0.24593481153949223       3.98957966538240037E-004   761.17455102040299       0.84574950113378111        19441.240726489021        21.601378584987799     
          30   2.5300000000000002       -1.0823636257309941       1.24038167077642500E-004  1.03295906432748536E-003  0.19495840935672515       0.23896233659426605       3.87644202636419177E-004   739.84075822959267       0.82204528692176959        18281.645991301106        20.312939990334563     
          30   2.5400000000000000       -1.0738918245614035       1.23451071707248627E-004  1.64335087719298233E-003  0.18880738596491228       0.23206342014234199       3.76450195988589523E-004   727.09458663349949       0.80788287403722170        17172.870707285438        19.080967452539376     
          30   2.5499999999999998       -1.0658698011695906       1.22268702816302202E-004 -8.46362573099415172E-004  0.18307473684210526       0.22508081979279462       3.65132693405156373E-004   707.65057514551984       0.78627841682835542        16092.209364032547        17.880232626702831     
          30   2.5599999999999996       -1.0582286549707602       1.21207485327269916E-004 -2.20286549707602339E-004  0.17875883625730993       0.21998802569456560       3.56868604051178040E-004   689.99757917833222       0.76666397686481358        15312.380143551325        17.013755715057027     
          30   2.5699999999999998       -1.0504607719298245       1.20770258945017742E-004  5.25707602339181286E-004  0.17404370760233917       0.21456957007660477       3.48075597820588542E-004   679.70797228876074       0.75523108032084529        14510.606018616512        16.122895576240570     
          30   2.5800000000000001       -1.0430247368421053       1.19837949288112701E-004  2.13789473684210517E-004  0.16938201169590644       0.20910916238503829       3.39218933532812431E-004   664.07623832293837       0.73786248702548707        13728.117376287184        15.253463751430205     
          30   2.5899999999999999       -1.0354981169590642       1.18957155739289838E-004 -9.02017543859649014E-004  0.16510843859649121       0.20399703354364465       3.30930871841371454E-004   649.30721794648787       0.72145246438498656        13014.409501063914        14.460455001182126     
          30   2.5999999999999996       -1.0287641988304095       1.18452686787856725E-004  4.01707602339181308E-004  0.16139918128654970       0.19952687501474933       3.23673517734391291E-004   638.86890627740706       0.70985434030823003        12402.599273909398        13.780665859899331     
          30   2.6099999999999999       -1.0216365847953215       1.17806786378424485E-004 -1.89338011695906424E-003  0.15778112280701753       0.19510183522422911       3.16505715686095910E-004   627.08760860742711       0.69676400956380791        11812.078309529468        13.124531455032743     
          30   2.6200000000000001       -1.0148345263157894       1.17107835643600027E-004 -3.12087719298245650E-004  0.15425815789473685       0.19095849369899595       3.09777055145360350E-004   614.94736073913703       0.68327484526570781        11273.545657559695        12.526161841732995     
          30   2.6299999999999999       -1.0079009005847954       1.16601430338177816E-004  1.25385380116959082E-003  0.15094623976608187       0.18702919686731190       3.03395379132236434E-004   605.01323379209919       0.67223692643566579        10772.799296006224        11.969776995562471     
          30   2.6399999999999997       -1.0011414385964912       1.16010455328472838E-004 -1.98830409356725162E-006  0.14753334502923976       0.18285676638026316       2.96632854855401217E-004   594.36745931917642       0.66040828813241825        10258.955899903469        11.398839888781632     
          30   2.6499999999999999      -0.99464305263157893       1.15522805142315201E-004  1.19567251461988300E-003  0.14519044444444446       0.17993509507749123       2.91887279593057479E-004   584.94134521136380       0.64993482801262648        9895.8185412470611        10.995353934718956     
          30   2.6600000000000001      -0.98804994152046788       1.14844469088058639E-004  6.53526315789473649E-004  0.14194613450292398       0.17610888551732604       2.85682992409620350E-004   573.75371562275097       0.63750412846972326        9444.0861254971678        10.493429028330187     
          30   2.6699999999999999      -0.98183805847953221       1.14175676357585373E-004  3.11959064327485341E-004  0.13897676608187134       0.17254267658659037       2.79899552577076664E-004   562.85078835065406       0.62538976483406006        9031.6146514672619        10.035127390519181     
          30   2.6799999999999997      -0.97582338011695913       1.13773866708016008E-004 -3.15514619883040977E-004  0.13670160818713450       0.16979630938174750       2.75447660762687899E-004   554.73307907167907       0.61637008785742120        8713.7524535265966        9.6819471705851079     
          30   2.6899999999999999      -0.96968759064327492       1.13256562708853161E-004 -1.07011695906432749E-004  0.13430446198830409       0.16679553571436800       2.70578666623801079E-004   545.62066322480155       0.60624518136089056        8377.2486316057111        9.3080540351174577     
          30   2.7000000000000002      -0.96338706432748533       1.12854248726496566E-004 -7.84649122807017487E-004  0.13142429824561405       0.16351099567002597       2.65254185627781733E-004   537.74566145959352       0.59749517939954833        8020.5690092271980        8.9117433435857762     
          30   2.7100000000000000      -0.95762659649122817       1.12124690780109342E-004  3.14029239766081838E-004  0.12956130409356725       0.16109112192995731       2.61322550456402603E-004   526.90527985244137       0.58545031094715705        7756.3480700125619        8.6181645222361798     
          30   2.7199999999999998      -0.95162515789473689       1.12049190908107625E-004 -9.87959064327485455E-004  0.12736655555555557       0.15844966958240470       2.57044925026258934E-004   522.33395331113832       0.58037105923459809        7476.2171321341766        8.3069079245935296     
          30   2.7300000000000000      -0.94599961403508781       1.11378386507300303E-004  6.66549707602339140E-004  0.12548679532163742       0.15609927590357950       2.53222615430290655E-004   512.32454818157157       0.56924949797952396        7229.6326431422685        8.0329251590469646     
          30   2.7400000000000002      -0.94040446783625731       1.10911940206415838E-004  7.24836257309941553E-004  0.12337900000000000       0.15368361764997304       2.49303497982320129E-004   504.34079069905306       0.56037865633228112        6982.0016228359073        7.7577795809287862     
          30   2.7500000000000000      -0.93490932163742690       1.10853685215191544E-004  6.91520467836257303E-004  0.12146619883040936       0.15120280723214033       2.45279220904217764E-004   500.15371451739315       0.55572634946377020        6733.8424285822221        7.4820471428691357     
          30   2.7599999999999998      -0.92934930994152043       1.10302755982983532E-004 -5.06666666666666672E-005  0.11972933333333333       0.14899089052049344       2.41695446434829394E-004   491.61279634747530       0.54623644038608365        6514.7134571350107        7.2385705079277898     
          30   2.7700000000000000      -0.92411202339181286       1.09731789615404363E-004  5.69532163742690083E-005  0.11809295321637428       0.14709804251947212       2.38624186093337216E-004   483.02988540798975       0.53669987267554420        6327.3079437571023        7.0303421597301137     
          30   2.7800000000000002      -0.91855244444444439       1.09367827196280140E-004 -2.35116959064327497E-004  0.11612536257309941       0.14464992505602431       2.34654628963835841E-004   476.38512452390853       0.52931680502656508        6096.4287361044962        6.7738097067827736     
          30   2.7900000000000000      -0.91333782456140344       1.09120427452515196E-004  4.64713450292397669E-004  0.11460499415204678       0.14274644068692194       2.31562370707439263E-004   470.83888878454309       0.52315432087171454        5915.7088171531086        6.5730097968367875     
          30   2.7999999999999998      -0.90809452631578946       1.08607612104371582E-004 -1.12807017543859654E-004  0.11322861988304093       0.14116555969380321       2.29001497264671577E-004   463.09818962739774       0.51455354403044196        5764.7996570627229        6.4053329522919142     
          30   2.8099999999999996      -0.90280626900584793       1.08478198559894818E-004  5.01397660818713440E-004  0.11166691812865498       0.13918814735412152       2.25789744157564619E-004   458.71284829597283       0.50968094255108087        5584.4135448573961        6.2049039387304399     
          30   2.8199999999999998      -0.89791318128654973       1.07960410002511139E-004  2.51777777777777796E-004  0.11007969590643275       0.13728001169666323       2.22695932999693910E-004   451.12765320793636       0.50125294800881814        5413.1375736536029        6.0145973040595591     
          30   2.8300000000000001      -0.89306961403508767       1.07501751912819361E-004 -1.48584795321637432E-004  0.10884149707602339       0.13565212100709373       2.20057785640261598E-004   444.14709726421182       0.49349677473801312        5266.8535136354258        5.8520594595949174     
          30   2.8399999999999999      -0.88796500584795313       1.07400205287906894E-004 -3.26947368421052630E-004  0.10726400000000000       0.13384154208826199       2.17121853147621638E-004   440.19201308188639       0.48910223675765152        5109.1182077907224        5.6767980086563581     
          30   2.8499999999999996      -0.88336107602339187       1.06858340145992887E-004  5.88900584795321600E-004  0.10609541520467837       0.13242205725468606       2.14812935227375566E-004   432.70881570025449       0.48078757300028274        4983.7038945151971        5.5374487716835521     
          30   2.8599999999999999      -0.87824353216374274       1.06793758839743367E-004 -4.76011695906432720E-004  0.10500460818713452       0.13097683866892765       2.12475764373942587E-004   429.16895106948084       0.47685439007720093        4858.5005598821845        5.3983339554246497     
          30   2.8700000000000001      -0.87351284210526314       1.06313319088353772E-004 -3.00040935672514573E-004  0.10357433333333332       0.12916460754190945       2.09534755440619609E-004   422.35746638130598       0.46928607375700665        4708.5570423982072        5.2317300471091190     
          30   2.8799999999999999      -0.86919879532163746       1.05982436871165047E-004  1.17257309941520466E-004  0.10246319883040934       0.12783334642197197       2.07372244574441556E-004   416.82277651925637       0.46313641835472930        4596.0048866708894        5.1066720963009882     
          30   2.8899999999999997      -0.86441216374269014       1.05582023833951312E-004 -4.50175438596491284E-005  0.10125178947368421       0.12636081695833629       2.04984634095951000E-004   410.82124547904476       0.45646805053227196        4475.1950757775503        4.9724389730861667     
          30   2.8999999999999999      -0.85979672514619876       1.05458388864550592E-004  5.67315789473684219E-004  0.10023856725146198       0.12511177562587750       2.02954013778742235E-004   407.03793275516091       0.45226436972795658        4371.9427544739619        4.8577141716377357     
          30   2.9100000000000001      -0.85545711111111111       1.05126070293597558E-004 -3.69649122807017537E-005  9.91123099415204684E-002  0.12376148238614934       2.00767904717322730E-004   401.70154151748847       0.44633504613054276        4263.4678887869613        4.7371865430966240     
          30   2.9199999999999999      -0.85071945029239759       1.04712392130967491E-004  8.66549707602339177E-005  9.80108654970760218E-002  0.12238266916847548       1.98530267011697730E-004   395.82122152960329       0.43980135725511477        4154.7202962364436        4.6163558847071595     
          30   2.9299999999999997      -0.84644040935672515       1.04684865809148107E-004  4.06953216374269025E-004  9.72085672514619997E-002  0.12133203836894373       1.96823534138701147E-004   392.91732270075880       0.43657480300084311        4069.7103475469075        4.5219003861632308     
          30   2.9399999999999999      -0.84228823391812868       1.04442829644922682E-004  2.97485380116959043E-005  9.60885438596491143E-002  0.12005341376756000       1.94752130610018455E-004   388.44650095475970       0.43160722328306633        3970.8793301150527        4.4120881445722810     
          30   2.9500000000000002      -0.83797570760233919       1.04208098072638134E-004 -2.82356725146198830E-004  9.52600175438596541E-002  0.11903507212188234       1.93102523388050167E-004   384.08515567544026       0.42676128408382252        3890.5449567764776        4.3228277297516415     
          30   2.9600000000000000      -0.83359688888888894       1.03944851868305435E-004  1.59374269005847975E-004  9.41368596491228005E-002  0.11756549427912179       1.90715193848487195E-004   379.56937321614720       0.42174374801794134        3782.2676474319742        4.2025196082577487     
          30   2.9699999999999998      -0.82951290058479532       1.03546389634733075E-004  2.53368421052631580E-004  9.33036491228070169E-002  0.11652588643398844       1.89027989355788082E-004   374.13267460306929       0.41570297178118809        3703.1503673645411        4.1146115192939350     
          30   2.9800000000000000      -0.82543684210526325       1.03274043090308693E-004  2.37304093567251444E-004  9.24579356725146184E-002  0.11554206888234016       1.87432135159680503E-004   369.67360829244052       0.41074845365826723        3628.6677276465362        4.0318530307183735     
          30   2.9900000000000002      -0.82139060818713450       1.02933964622449177E-004 -4.01286549707602374E-005  9.16998947368421052E-002  0.11448873576594315       1.85725570077823518E-004   364.79060080281778       0.40532288978090864        3550.9069885116219        3.9454522094573576     
          30   3.0000000000000000      -0.81721176608187129       1.02750268682898213E-004  1.20748538011695907E-004  9.05274385964912331E-002  0.11309036517430060       1.83455835286218893E-004   361.07052583274589       0.40118947314749542        3453.1423510627519        3.8368248345141689     
          30   3.0099999999999998      -0.81342850292397662       1.02570211246577619E-004  2.13368421052631584E-004  8.99638245614035048E-002  0.11241168732117565       1.82354126058195725E-004   357.41940230070031       0.39713266922300033        3400.4773938377525        3.7783082153752807     
          30   3.0200000000000000      -0.80927244444444446       1.02180165768617109E-004 -9.20526315789473634E-005  8.90455497076023395E-002  0.11118222022817675       1.80362123865240620E-004   352.36108239850643       0.39151231377611823        3315.4956533627983        3.6838840592919979     
          30   3.0300000000000002      -0.80547835087719299       1.02010162388642579E-004 -3.55374269005847914E-004  8.83758888888888927E-002  0.11053264771924114       1.79310529471293648E-004   348.87531073919928       0.38763923415466589        3266.0215630275179        3.6289128478083534     
          30   3.0400000000000000      -0.80169840935672521       1.02033065728767010E-004 -4.60350877192982513E-005  8.79237894736842052E-002  0.10989514300523182       1.78273840261768238E-004   346.73950109493506       0.38526611232770563        3217.8689713480098        3.5754099681644553     
          30   3.0499999999999998      -0.79780880701754386       1.01715188711582762E-004  1.56040935672514624E-004  8.70020760233918139E-002  0.10872527204990654       1.76374388010492391E-004   342.32652785638328       0.38036280872931477        3139.3901479270789        3.4882112754745322     
          30   3.0600000000000001      -0.79418071345029240       1.01376480782682695E-004  7.08538011695906516E-005  8.61218479532163683E-002  0.10765341423216197       1.74636305303303729E-004   337.83153332482874       0.37536837036092080        3067.7433288300831        3.4086036987000923     
          30   3.0699999999999998      -0.79024111111111106       1.01266610773455577E-004 -1.14345029239766089E-004  8.56096315789473677E-002  0.10699960181619328       1.73577237766576808E-004   334.90714634973278       0.37211905149970309        3020.7199962120335        3.3563555513467040     
          30   3.0800000000000001      -0.78669297076023392       1.00905411555832230E-004 -2.42982456140350886E-005  8.49592573099415133E-002  0.10620027196190378       1.72279796619466527E-004   330.36657326375962       0.36707397029306627        2966.0982828720275        3.2956647587466974     
          30   3.0899999999999999      -0.78300791812865489       1.00839839406021784E-004 -1.04169590643274847E-004  8.41618538011695838E-002  0.10519014788693679       1.70641845275767696E-004   327.80528214816047       0.36422809127573386        2900.5225412781019        3.2228028236423354     
          30   3.0999999999999996      -0.77932925146198828       1.00570521889125632E-004 -3.64327485380116957E-006  8.34382982456140232E-002  0.10434854032877479       1.69275716516521850E-004   323.95645316598632       0.35995161462887371        2845.0904719137793        3.1612116354597548     
          30   3.1099999999999999      -0.77580743859649126       1.00110748478965793E-004  4.77602339181286585E-005  8.28916432748538073E-002  0.10360885565799978       1.68075342628126913E-004   318.94019412553354       0.35437799347281507        2795.8784818885647        3.1065316465428499     
          30   3.1200000000000001      -0.77220054970760243       1.00082099921477852E-004  8.22397660818713436E-005  8.23618070175438644E-002  0.10299876384756303       1.67085338868371057E-004   316.71763497086681       0.35190848330096314        2754.1917495208381        3.0602130550231537     
          30   3.1299999999999999      -0.76870708771929819       9.97253697318779380E-005  1.42070175438596485E-004  8.15672397660818643E-002  0.10201855301460751       1.65494691467126692E-004   312.45771371756103       0.34717523746395673        2693.3832683578985        2.9926480759532206     
          30   3.1399999999999997      -0.76518720467836265       9.96663527443039719E-005 -3.30169590643274852E-004  8.10671754385964977E-002  0.10127960313753163       1.64300149492168762E-004   310.10334490106635       0.34455927211229592        2646.0298375118568        2.9400331527909520     
          30   3.1499999999999999      -0.76203610526315790       9.93350455109956850E-005 -6.71520467836257305E-005  8.04791052631578935E-002  0.10059707139489385       1.63190600434089453E-004   306.09236582328185       0.34010262869253538        2602.2256106996529        2.8913617896662811     
          30   3.1600000000000001      -0.75835361403508783       9.93905597849677240E-005  3.37169590643274860E-004  8.00099999999999978E-002  0.10001207373506224       1.62237968979853710E-004   304.49819566484257       0.33833132851649173        2563.8810062209755        2.8487566735788614     
          30   3.1699999999999999      -0.75516523976608196       9.93714132900366283E-005  3.05046783625731043E-004  7.93017953216374194E-002  9.91338086012903547E-002  1.60813499915491944E-004   302.46353535770112       0.33607059484189011        2511.1070514032263        2.7901189460035849     
          30   3.1799999999999997      -0.75169921637426895       9.90028513020878629E-005 -1.69146198830409341E-004  7.89314385964912241E-002  9.87490100788507019E-002  1.60193591203152801E-004   298.33882890286725       0.33148758766985248        2483.8314744353038        2.7598127493725597     
          30   3.1899999999999999      -0.74838801169590641       9.87976025933742839E-005  1.77649122807017559E-004  7.82594853801169693E-002  9.78443857391049637E-002  1.58722916734498916E-004   295.24330739963654       0.32804811933292949        2430.8867497730616        2.7009852775256240     
          30   3.2000000000000002      -0.74501851461988311       9.83449860542403675E-005  1.15099415204678355E-004  7.78162690058479545E-002  9.72799471739024257E-002  1.57807846462233004E-004   290.71879175803582       0.32302087973115090        2395.4167650525969        2.6615741833917745     
          30   3.2100000000000000      -0.74196300584795316       9.83582564866215152E-005 -2.76842105263157894E-005  7.71921169590643330E-002  9.65615755968252110E-002  1.56643818581950499E-004   288.98825606848669       0.32109806229831855        2352.8196459233523        2.6142440510259468     
          30   3.2199999999999998      -0.73880195321637432       9.83630988621075127E-005  9.33274853801169545E-005  7.69954093567251502E-002  9.63104937277307893E-002  1.56235378304265935E-004   287.22436434025735       0.31913818260028592        2333.3288877541595        2.5925876530601770     
          30   3.2300000000000000      -0.73566167251461989       9.81808999968974137E-005 -1.31982456140350857E-004  7.62033976608187114E-002  9.53843225056248412E-002  1.54735050523812078E-004   284.39213952295120       0.31599126613661244        2281.5798030945948        2.5350886701051052     
          30   3.2400000000000002      -0.73253458479532163       9.80272130313749994E-005  7.75964912280701773E-005  7.58267426900584851E-002  9.48291957219587200E-002  1.53832531489945818E-004   281.75517808529770       0.31306130898366413        2248.1425850145256        2.4979362055716949     
          30   3.2500000000000000      -0.72929037426900589       9.77963398379969463E-005 -1.48713450292397659E-004  7.51224444444444500E-002  9.40292571946465955E-002  1.52537022647859669E-004   278.70649880058954       0.30967388755621061        2203.5686354579161        2.4484095949532403     
          30   3.2599999999999998      -0.72638934502923980       9.73841207482315917E-005 -2.57321637426900622E-004  7.48471228070175382E-002  9.36063247947778593E-002  1.51851987791054349E-004   274.66904047652463       0.30518782275169404        2177.0806871165305        2.4189785412405893     
          30   3.2700000000000000      -0.72313952046783625       9.74849885268246503E-005 -6.26900584795321683E-005  7.44174970760233950E-002  9.31046375228705148E-002  1.51036272951458509E-004   273.55748353856546       0.30395275948729494        2147.2355885503230        2.3858173206114701     
          30   3.2800000000000002      -0.72006147368421047       9.73214956740004735E-005  1.35526315789473689E-004  7.39553625730994257E-002  9.24614978788117076E-002  1.49991034865405248E-004   270.98077311915324       0.30108974791017029        2111.2131952180171        2.3457924391311300     
          30   3.2900000000000000      -0.71718416374269001       9.70973055903888319E-005  1.91391812865497092E-004  7.34416257309941506E-002  9.19038502284295761E-002  1.49085855070861474E-004   268.09652003831542       0.29788502226479491        2079.4795305005177        2.3105328116672421     
          30   3.2999999999999998      -0.71430414035087719       9.68231818285789856E-005  1.55175438596491202E-004  7.32049298245613933E-002  9.15155319745921125E-002  1.48456268374141937E-004   264.97166615522673       0.29441296239469639        2055.6986350522538        2.2841095945025041     
          30   3.3100000000000001      -0.71130661988304089       9.67787774068456721E-005 -7.02690058479532126E-005  7.27199649122807074E-002  9.09325730390720538E-002  1.47512808687204285E-004   263.13152988826062       0.29236836654251180        2023.4651360834205        2.2482945956482450     
          30   3.3199999999999998      -0.70846381286549709       9.65206164590661712E-005 -7.65614035087719289E-005  7.22889239766081881E-002  9.04856389942488709E-002  1.46787852039526880E-004   260.15526653217307       0.28906140725797008        1997.5880879712981        2.2195423199681090     
          30   3.3300000000000001      -0.70557470175438597       9.66131233945376211E-005 -2.61637426900584763E-004  7.19131578947368455E-002  8.99225717041296640E-002  1.45876295918443853E-004   259.09103963318466       0.28787893292576072        1966.8649737748829        2.1854055264165364     
          30   3.3399999999999999      -0.70249601169590647       9.61985473921766468E-005 -7.13450292397660819E-007  7.14487017543859598E-002  8.93893109654604751E-002  1.45008617780228739E-004   255.33638783824290       0.28370709759804769        1937.8034792336325        2.1531149769262585     
          30   3.3499999999999996      -0.69967033918128652       9.60402598888384181E-005 -4.40292397660818681E-005  7.10125087719298276E-002  8.88224038641160091E-002  1.44089412569688911E-004   252.97968916969569       0.28108854352188412        1907.5904974917023        2.1195449972130027     
          30   3.3599999999999999      -0.69688809356725145       9.61614856949140866E-005  9.94269005847953297E-005  7.07571578947368413E-002  8.85077830155121814E-002  1.43577571001541335E-004   252.11134528222118       0.28012371698024574        1888.4614263619249        2.0982904737354722     
          30   3.3700000000000001      -0.69416442105263165       9.58560105137623851E-005 -3.45614035087719312E-006  7.02099122807017528E-002  8.78332405280052436E-002  1.42484366472129593E-004   249.02761744375232       0.27669735271528034        1854.2698175256583        2.0602997972507313     
          30   3.3799999999999999      -0.69158900584795324       9.57787571744186944E-005 -1.03941520467836255E-004  6.99287017543859662E-002  8.74582561151493326E-002  1.41877097047162160E-004   247.15739525092903       0.27461932805658779        1833.0289836329396        2.0366988707032663     
          30   3.3899999999999997      -0.68880880701754388       9.56892889310192719E-005 -1.57959064327485392E-004  6.96235497076023446E-002  8.70930049657841904E-002  1.41285144896873335E-004   245.24257855074308       0.27249175394527009        1812.3849309593886        2.0137610343993209     
          30   3.3999999999999999      -0.68593162573099409       9.54834290581667967E-005  1.58286549707602349E-004  6.91618070175438610E-002  8.65509325462549967E-002  1.40402504576197314E-004   242.75422423568321       0.26972691581742581        1784.6298484398812        1.9829220538220902     
