          60   1.3999999999999999       -1.9583294005847953       5.00982203805708416E-005 -2.71100204678362579E-002  0.91979726315789467       0.94647044189097329       1.53538425495184771E-003   6306.3362672278781        1.7517600742299662        8285803.3002566574        2301.6120278490716     
          60   1.4099999999999999       -1.9576363830409358       4.86158747450163520E-005 -0.16371728654970757       0.92505954678362579       0.94992699818004178       1.54102390679173077E-003   5854.7260900701267        1.6263128027972573        8047681.6009586193        2235.4671113773943     
          60   1.4199999999999999       -1.9545014619883041       5.27549755007582455E-005 -6.16367807017543859E-002  0.91438953508771925       0.94273559510299820       1.52933381059082549E-003   6797.3363543610276        1.8881489873225077        8076738.7124116244        2243.5385312254512     
          60   1.4299999999999999       -1.9541556111111111       4.98788617432120794E-005 -4.98656491228070195E-002  0.92093546491228062       0.94731848223650450       1.53676536437660728E-003   5991.6935303255350        1.6643593139793154        8110655.5110242562        2252.9598641734046     
          60   1.4399999999999999       -1.9511451432748537       5.31464324544207324E-005  5.99631476608187136E-002  0.91011918859649121       0.94040466603000261       1.52552344723229762E-003   6708.2902962517246        1.8634139711810347        7926888.2113224687        2201.9133920340191     
          60   1.4500000000000000       -1.9482406959064327       5.57419077201461868E-005  5.43815438596491271E-002  0.90059697953216378       0.93423408325125723       1.51551469138367896E-003   7278.0703584447629        2.0216862106791007        7774533.9111345010        2159.5927530929171     
          60   1.4600000000000000       -1.9487176052631578       5.16097961032502644E-005  0.14383485087719300       0.91740885087719293       0.94441582527243595       1.53201045834324692E-003   6153.8537839407672        1.7094038288724354        7733682.8189096227        2148.2452274748953     
          60   1.4700000000000000       -1.9486870263157896       4.77744534382250715E-005 -2.85658742690058504E-002  0.92842516666666663       0.95159487196370929       1.54369748818653884E-003   5201.7009796040202        1.4449169387788945        7976278.6487254351        2215.6329579792873     
          60   1.4800000000000000       -1.9439851637426901       5.41516254774316997E-005 -1.53037002923976616E-002  0.90652714473684215       0.93778035873919030       1.52128430183605021E-003   6593.0772182675200        1.8314103384076446        7698921.2581128189        2138.5892383646719     
          60   1.4900000000000000       -1.9450159941520468       4.84163526108360767E-005 -2.12271271929824583E-002  0.92944490789473688       0.95157557384305025       1.54366444502662030E-003   5199.9623584675364        1.4444339884632045        7872073.4524858994        2186.6870701349721     
          60   1.5000000000000000       -1.9429048216374267       4.88544119374034424E-005 -1.97395891812865501E-002  0.92828497807017551       0.95054204078277571       1.54198748588230605E-003   5224.1262047125238        1.4511461679757010        7803134.0920607448        2167.5372477946512     
          60   1.5100000000000000       -1.9399195760233918       5.12434549704553232E-005 -8.50761403508771830E-002  0.91824407309941525       0.94466575163384725       1.53247049818873069E-003   5671.6772652128266        1.5754659070035630        7597095.6338954279        2110.3043427487301     
          60   1.5200000000000000       -1.9404946725146199       4.51219675472581234E-005 -4.52950131578947340E-002  0.93914608333333338       0.95687347735011863       1.55226441860729057E-003   4339.8775890052902        1.2055215525014695        7789260.2409020895        2163.6834002505802     
          60   1.5299999999999998       -1.9376055497076023       4.72575624897718201E-005 -3.71900789473684212E-002  0.93269400292397664       0.95272291719454993       1.54552945069351432E-003   4698.3825092893121        1.3051062525803645        7676875.9480284583        2132.4655411190161     
          60   1.5400000000000000       -1.9356914181286551       4.69092732898544656E-005 -4.66807309941520438E-003  0.93432849415204677       0.95343661802569113       1.54667953445883203E-003   4569.4567013339029        1.2692935281483064        7649931.1260831477        2124.9808683564297     
          60   1.5499999999999998       -1.9334188011695908       4.70828141189728256E-005  2.84976608187134488E-002  0.93339206725146207       0.95262878851724075       1.54536121879824914E-003   4544.1224618645301        1.2622562394068140        7581094.0753770005        2105.8594653825003     
          60   1.5599999999999998       -1.9308263157894736       4.81080264641110412E-005 -3.77086476608187102E-002  0.93012057163742690       0.95057981712768702       1.54205302604818384E-003   4683.5426977094103        1.3009840826970585        7495034.2334759012        2081.9539537433061     
          60   1.5699999999999998       -1.9286570263157894       4.79227648636085582E-005 -2.45253464912280721E-002  0.93234644883040940       0.95138489488255429       1.54335590499791639E-003   4588.5241949662004        1.2745900541572779        7466707.7475469150        2074.0854854296986     
          60   1.5799999999999998       -1.9255028216374270       4.99415061774414280E-005 -0.10827933479532163       0.92589562719298235       0.94745513367596856       1.53700093134405392E-003   4920.3692567713078        1.3667692379920300        7267006.7944104951        2018.6129984473598     
          60   1.5899999999999999       -1.9222667280701755       5.17767513143368757E-005 -5.38338698830409385E-002  0.91767156286549711       0.94278516238574595       1.52941235383799294E-003   5222.3255878676073        1.4506459966298910        7221293.8793779910        2005.9149664938864     
          60   1.5999999999999999       -1.9223940964912281       4.51344112752039077E-005  3.22132485380116976E-002  0.93884658771929819       0.95481545772584553       1.54890760332940334E-003   3918.9001373801152        1.0885833714944764        7376142.4059398370        2048.9284460943991     
          60   1.6099999999999999       -1.9176546198830409       5.07842367968871797E-005  1.37237953216374272E-002  0.92322561695906424       0.94483809403992214       1.53272651093576732E-003   4899.9845007684780        1.3611068057690217        7184594.8017558241        1995.7207782655066     
          60   1.6199999999999999       -1.9162656432748539       4.77005034866178498E-005 -0.12320757309941521       0.93257563450292402       0.95010295394218647       1.54129973127221909E-003   4269.7701357688884        1.1860472599358023        7100124.1361649679        1972.2567044902689     
          60   1.6299999999999999       -1.9152042777777776       4.32344832723003514E-005 -0.16903062134502925       0.94375507748538012       0.95684921904048970       1.55225420202597156E-003   3464.7662065635222       0.96243505737875623        7052379.4099744577        1958.9942805484604     
          60   1.6399999999999999       -1.9115417923976608       4.55888521628933688E-005 -4.90062704678362604E-002  0.93728721198830411       0.95258951339956710       1.54531583715342429E-003   3805.5568786613885        1.0570991329614967        7151906.1937547559        1986.6406093763210     
          60   1.6499999999999999       -1.9086979590643276       4.56877247585456026E-005 -9.78799897660818652E-002  0.93763989035087725       0.95232379946517021       1.54489635822858940E-003   3775.8938034539715        1.0488593898483254        7048198.8128120955        1957.8330035589154     
          60   1.6599999999999999       -1.9050312573099415       4.76624060003132694E-005 -7.32787309941520526E-002  0.93195045029239765       0.94864807634860515       1.53892779486149742E-003   4059.9842200515095        1.1277733944587527        6984061.2460575858        1940.0170127937738     
          60   1.6699999999999999       -1.9023168684210527       4.68545193628602498E-005 -4.53745994152046778E-002  0.93450693274853802       0.94973228568479218       1.54067997507547315E-003   3876.6681865868040        1.0768522740518900        6983907.7725698240        1939.9743812693955     
          60   1.6799999999999999       -1.8996337777777776       4.56398309742856733E-005  2.90563114035087729E-002  0.93653367397660825       0.95079445093802240       1.54238538492280919E-003   3634.6122785999346        1.0096145218333152        6967279.1728452174        1935.3553257903382     
          60   1.6899999999999999       -1.8972946081871345       4.32740549566253433E-005 -8.16149692982456043E-002  0.94280464473684211       0.95388943617089827       1.54743227660945957E-003   3229.0173123313252       0.89694925342536813        6926652.6211801488        1924.0701725500414     
          60   1.7000000000000000       -1.8942485058479532       4.24212370386995133E-005 -6.61640175438596434E-002  0.94429425438596493       0.95436310831006499       1.54819701707384285E-003   3066.6019881679117       0.85183388560219775        6910205.4106486663        1919.5015029579629     
          60   1.7100000000000000       -1.8906600438596493       4.31441183002871407E-005  6.47046228070175394E-002  0.94247882163742691       0.95276162127965192       1.54556814070790950E-003   3135.0146423733427       0.87083740065926185        6848094.4580526249        1902.2484605701736     
          60   1.7200000000000000       -1.8868220380116958       4.45703326986456532E-005  3.07455409356725169E-002  0.93859968713450292       0.95017283990098877       1.54137659360363273E-003   3306.9182293345525       0.91858839703737571        6795584.5701622991        1887.6623806006387     
          60   1.7300000000000000       -1.8820135935672515       4.81481503333137844E-005  0.10064781578947370       0.92987989181286557       0.94436968649085351       1.53194591342980385E-003   3814.6579989915685        1.0596272219421023        6605136.0811200868        1834.7600225333574     
          60   1.7400000000000000       -1.8780844824561405       4.90305776609850893E-005  0.12543246637426900       0.92675447807017541       0.94223705243944111       1.52848034320813967E-003   3910.4264478159439        1.0862295688377621        6495472.7456452185        1804.2979849014496     
          60   1.7500000000000000       -1.8761904707602339       4.39300409290965796E-005  8.55685233918128674E-002  0.93917932748538013       0.94909615144863313       1.53961695138786774E-003   3103.3854280029022       0.86205150777858397        6616720.8349651461        1837.9780097125406     
          60   1.7599999999999998       -1.8721865555555557       4.44761110298962339E-005 -2.99672426900584807E-002  0.93696173099415203       0.94734461139910098       1.53680301872785152E-003   3144.9726571868687       0.87360351588524132        6601969.6314645428        1833.8804531845951     
          60   1.7700000000000000       -1.8685009502923975       4.39518047647413984E-005 -5.64854400584795316E-002  0.93823543128654974       0.94738811942260470       1.53687990424132711E-003   3036.6552626976481       0.84351535074934669        6548487.6975949788        1819.0243604430498     
          60   1.7799999999999998       -1.8649687982456140       4.23406329859184866E-005  3.07184634502923985E-002  0.94104345467836259       0.94852764213572027       1.53870772419503407E-003   2786.5271974110901       0.77403533261419166        6543788.4202968972        1817.7190056380271     
          60   1.7900000000000000       -1.8602462134502924       4.44194231503630999E-005 -5.78491783625731046E-002  0.93612636549707606       0.94508747838143126       1.53314812946020560E-003   3032.6924133293714       0.84241455925815878        6442668.0637182528        1789.6300176995146     
          60   1.7999999999999998       -1.8557977631578948       4.52474866017200678E-005  4.07638450292397633E-002  0.93396050877192982       0.94316429377235678       1.53000478306512637E-003   3111.9492665347134       0.86443035181519812        6392859.7966958927        1775.7943879710813     
          60   1.8100000000000001       -1.8525265087719298       4.18105453394927487E-005  3.25694005847953225E-003  0.94021832309941522       0.94624880480953655       1.53501748309768063E-003   2627.8653752845285       0.72996260424570236        6411091.4146775221        1780.8587262993117     
          60   1.8199999999999998       -1.8481864678362574       4.15521542171990810E-005  9.43929064327485440E-002  0.93975356140350885       0.94545902801924364       1.53371457700380610E-003   2567.0416224304790       0.71306711734179973        6301855.2073090095        1750.5153353636138     
          60   1.8299999999999998       -1.8438340877192982       4.10159642424560422E-005 -0.13453092251461987       0.94069911842105258       0.94508377597196414       1.53316040403142419E-003   2473.9577033122027       0.68721047314227857        6197321.6816538647        1721.4782449038512     
          60   1.8399999999999999       -1.8385680555555557       4.31222181643539036E-005  9.03969590643274867E-002  0.93568347368421045       0.94152881534247690       1.52733979248906152E-003   2704.9244342139436       0.75136789839276208        6186321.4689463088        1718.4226302628635     
          60   1.8499999999999999       -1.8334900584795322       4.43730133099567238E-005 -7.01639239766081863E-002  0.93213022514619881       0.93880961592048540       1.52296713940052570E-003   2833.2375266327317       0.78701042406464772        6139821.1473362083        1705.5058742600579     
          60   1.8599999999999999       -1.8281890029239765       4.56117325982127871E-005 -5.07636198830409419E-002  0.92930831286549709       0.93620361523704398       1.51873502608033885E-003   2961.5280395792579       0.82264667766090493        6089111.5174556365        1691.4198659598990     
          60   1.8699999999999999       -1.8241706403508773       4.23133872714025682E-005 -3.65137134502923960E-003  0.93486232456140350       0.93876209064025473       1.52287408082034848E-003   2521.5116021823646       0.70041988949510126        6107562.3833288187        1696.5451064802273     
          60   1.8799999999999999       -1.8186077923976609       4.39509597375809365E-005 -2.99024122807017532E-002  0.93119826315789467       0.93567369340468509       1.51787036298541272E-003   2691.5944593879717       0.74766512760776993        6029096.1368355853        1674.7489268987738     
          60   1.8899999999999999       -1.8133119649122809       4.40797034698569608E-005  6.76452558479532090E-002  0.92989099269005848       0.93409586998086125       1.51528727862205396E-003   2678.8125098826208       0.74411458607850578        5951720.3223536033        1653.2556450982231     
          60   1.8999999999999999       -1.8070810789473684       4.67947424827402068E-005  1.48016681286549708E-002  0.92308576754385963       0.92935026811854649       1.50760162376985729E-003   2987.2771679343778       0.82979921331510498        5889793.6294132629        1636.0537859481285     
          60   1.9099999999999999       -1.8018247017543858       4.60467285428387408E-005 -2.01774561403508766E-002  0.92382558771929835       0.92878362131212988       1.50669088443114289E-003   2862.3281698788846       0.79509115829969013        5850536.7726903977        1625.1491035251104     
          60   1.9199999999999999       -1.7962344970760233       4.59714357102519535E-005 -5.33990204678362525E-003  0.92319680847953212       0.92736917512720940       1.50439275236699055E-003   2823.3341102794739       0.78425947507763161        5804899.2388501987        1612.4720107917219     
          60   1.9299999999999999       -1.7908817339181287       4.45696089245997890E-005 -0.12197429093567251       0.92458286695906433       0.92731803362695697       1.50433812796721888E-003   2626.3441046669727       0.72954002907415905        5674472.2599030863        1576.2422944175239     
          60   1.9399999999999999       -1.7839115467836257       4.76058923610957722E-005 -0.14113292543859648       0.91723629385964922       0.92192270232041085       1.49559060033166934E-003   2965.5589327296921       0.82376637020269228        5544895.6931368159        1540.2488036491156     
          60   1.9500000000000000       -1.7783036052631580       4.61051498535958678E-005 -6.23284736842105239E-002  0.91889831286549706       0.92184455743460347       1.49544457527793061E-003   2753.0763221347434       0.76474342281520646        5622064.9439704390        1561.6847066584553     
          60   1.9600000000000000       -1.7715543274853800       4.77304123208467012E-005 -8.12640935672514532E-003  0.91430024561403511       0.91808501998262892       1.48933256090777021E-003   2920.5646719112497       0.81126796441979154        5572893.0037865443        1548.0258343851513     
          60   1.9700000000000000       -1.7650564093567251       4.80329839136568718E-005  2.06823421052631587E-002  0.91239433333333331       0.91573332483451519       1.48551052461102476E-003   2927.7586948815092       0.81326630413375256        5513853.4658224443        1531.6259627284567     
          60   1.9800000000000000       -1.7589016988304094       4.69208758380524108E-005 -6.45893114035087784E-002  0.91319751608187139       0.91500212106162404       1.48434534836658838E-003   2765.6068230604087       0.76822411751678021        5452737.3975252537        1514.6492770903483     
          60   1.9899999999999998       -1.7516651842105264       4.87617964674774229E-005 -0.16187696637426902       0.90787683479532155       0.91070584068590543       1.47740000470546998E-003   2956.9354237302964       0.82137095103619340        5230766.5573763000        1452.9907103823055     
          60   2.0000000000000000       -1.7445819736842105       4.91538897745800668E-005 -3.88091374269005848E-002  0.90568388304093572       0.90800135253138825       1.47298232786303171E-003   2974.7083282209933       0.82630786895027586        5332782.7896905476        1481.3285526918187     
          60   2.0099999999999998       -1.7372892923976608       4.98339925138643170E-005 -3.15369254385964928E-002  0.90244395760233920       0.90472051607667159       1.46765833223424071E-003   3027.2469377631896       0.84090192715644152        5271203.6137757199        1464.2232260488111     
          60   2.0200000000000000       -1.7298667660818714       5.00132602844152475E-005  1.61146666666666660E-002  0.90033875438596489       0.90200979528465963       1.46324908345954680E-003   3018.9518897220200       0.83859774714500557        5218401.6675582863        1449.5560187661906     
          60   2.0299999999999998       -1.7222521520467835       5.07009132951373378E-005 -3.34303216374269010E-003  0.89652375438596488       0.89836687284545447       1.45734434651938628E-003   3072.0486380672432       0.85334684390756754        5152409.9193164865        1431.2249775879129     
          60   2.0400000000000000       -1.7142397514619883       5.18174380862488251E-005 -2.88960994152046811E-002  0.89262476900584786       0.89443803117638332       1.45097736417195236E-003   3177.4603332844390       0.88262787035678858        5077171.5271619605        1410.3254242116557     
          60   2.0499999999999998       -1.7060892105263159       5.27191682126756963E-005 -5.34162631578947375E-002  0.88857887719298245       0.89045018288055167       1.44451445679935273E-003   3257.0016230255419       0.90472267306265053        4994646.3775845943        1387.4017715512762     
          60   2.0600000000000001       -1.6978276929824561       5.32333955257186057E-005  2.54232500000000014E-002  0.88512832894736837       0.88663252768345990       1.43830142614608946E-003   3288.6866474616668       0.91352406873935188        4941603.3163471613        1372.6675878742114     
          60   2.0699999999999998       -1.6892350497076023       5.39258907588860409E-005 -7.92047339181286558E-002  0.88139920467836252       0.88257758730257641       1.43175012422578946E-003   3342.2779395778853       0.92841053877163482        4837584.8832028927        1343.7735786674702     
          60   2.0800000000000001       -1.6804238479532165       5.44941344456842375E-005 -3.51380687134502934E-002  0.87744457748538007       0.87830358869566971       1.42480557721722228E-003   3380.3482620908667       0.93898562835857413        4798829.4856511736        1333.0081904586593     
          60   2.0899999999999999       -1.6712998011695905       5.56692667540503250E-005  9.60594444444444473E-002  0.87206711403508774       0.87319571678121988       1.41648571492792837E-003   3494.0332058894846       0.97056477941374575        4670829.5332429111        1297.4526481230309     
          60   2.1000000000000001       -1.6617092923976609       5.66468817673242088E-005 -5.22188216374268946E-002  0.86666857017543864       0.86772368106610476       1.40764724565042225E-003   3583.4555793460668       0.99540432759612962        4629914.2163296361        1286.0872823137877     
          60   2.1099999999999999       -1.6521961286549709       5.72840247840479108E-005  2.57310964912280705E-002  0.86222506432748536       0.86287092622717054       1.39975476028869920E-003   3629.8671914913252        1.0082964420809237        4569070.3943978045        1269.1862206660569     
          60   2.1200000000000001       -1.6420637690058479       5.86709417872971885E-005 -8.52660730994152100E-002  0.85585521929824560       0.85668342923391294       1.38974645827015042E-003   3771.9245370671056        1.0477568158519737        4442077.8695001304        1233.9105193055918     
          60   2.1299999999999999       -1.6313613040935673       6.01089853510882065E-005 -1.71270102339181295E-002  0.84844895175438595       0.84964944006901111       1.37831793799202823E-003   3922.0053831178557        1.0894459397549598        4390646.2166334307        1219.6239490648418     
          60   2.1399999999999997       -1.6206918274853801       6.15074376767202981E-005 -9.16524254385965020E-002  0.84166611549707604       0.84287903922235263       1.36735485496196612E-003   4068.3313931530233        1.1300920536536176        4251636.4501982164        1181.0101250550601     
          60   2.1499999999999999       -1.6096150263157896       6.25149783072342458E-005 -4.14549210526315853E-002  0.83472970467836261       0.83577137153505254       1.35581137169382498E-003   4163.7040023387226        1.1565844450940896        4200217.0995234484        1166.7269720898469     
          60   2.1600000000000001       -1.5981384561403509       6.36433804856464486E-005 -4.12922105263157924E-002  0.82701864912280698       0.82798685070274336       1.34318327216309346E-003   4275.5065396208047        1.1876407054502236        4103143.0697189849        1139.7619638108292     
          60   2.1699999999999999       -1.5857401725146199       6.57081153942899911E-005  6.56173172514619846E-002  0.81714951023391813       0.81852006896297869       1.32779682603075249E-003   4515.5135806474373        1.2543093279576214        3975611.2183389715        1104.3364495386031     
          60   2.1799999999999997       -1.5734538421052631       6.72200601755139013E-005 -8.87141476608187124E-002  0.80787702777777781       0.80932843370726215       1.31292878351962732E-003   4682.4527619624978        1.3006813227673606        3847231.3689953056        1068.6753802764738     
          60   2.1899999999999999       -1.5600550847953216       6.90979734330811096E-005 -4.90053611111111107E-002  0.79636978801169589       0.79806464119935239       1.29464563748760359E-003   4902.6511148361160        1.3618475318989212        3754882.7276943689        1043.0229799151025     
          60   2.2000000000000002       -1.5461556432748538       7.13148051931691542E-005 -3.91159722222222186E-002  0.78317587280701750       0.78556004413581115       1.27435788628760542E-003   5174.9080434772522        1.4374744565214590        3626293.5575593598        1007.3037659887110     
          60   2.2100000000000000       -1.5316195380116959       7.36290625069121584E-005 -7.57748245614035115E-003  0.76840005555555557       0.77162806048198951       1.25174821810331667E-003   5466.4149110463031        1.5184485864017510        3491297.5988495010        969.80488856930583     
          60   2.2199999999999998       -1.5168725614035088       7.55731491669427169E-005 -2.40401388888888887E-002  0.75384649269005854       0.75745592034214837       1.22876290920854851E-003   5707.1289970871276        1.5853136103019798        3346024.1428230270        929.45115078417416     
          60   2.2300000000000000       -1.4993372982456139       7.89756271907477374E-005  9.02393421052631595E-002  0.73087838888888890       0.73649497740846015       1.19472501269447611E-003   6176.8213304427873        1.7157837029007743        3105063.2282423750        862.51756340065970     
          60   2.2399999999999998       -1.4824001637426902       8.15944436052311805E-005 -5.64543567251461938E-003  0.70806774269005857       0.71578060662650822       1.16115124927034094E-003   6534.5206101616850        1.8151446139338014        2964079.3197266464        823.35536659073512     
          60   2.2500000000000000       -1.4633236929824562       8.50927360508455086E-005  2.92627836257309953E-002  0.67683055847953222       0.68854026783631095       1.11695023198874659E-003   7043.8246832004297        1.9566179675556750        2725812.8059770572        757.17022388251587     
          60   2.2599999999999998       -1.4437482748538011       8.82923344327565541E-005 -5.13992836257309918E-002  0.64154476608187139       0.65813457314302137       1.06765285352709914E-003   7516.5356070749094        2.0879265575208081        2468703.5490776347        685.75098585489854     
          60   2.2700000000000000       -1.4227656315789474       9.01754143528031907E-005  8.65415497076023332E-003  0.60130809064327484       0.62316603051569974       1.01090566176645163E-003   7771.6489832716516        2.1587913842421256        2216679.5829022252        615.74432858395141     
          60   2.2799999999999998       -1.4007988216374270       9.21495796519495691E-005  9.69130555555555544E-003  0.55326670906432751       0.58227989944729963       9.44578977878554995E-004   8044.6216073977894        2.2346171131660526        1926697.0352039221        535.19362088997832     
          60   2.2900000000000000       -1.3783094561403511       9.18084461128101036E-005  2.87520029239766092E-002  0.49908765497076024       0.53558953778740803       8.68828864379259775E-004   7915.5830021861875        2.1987730561628300        1618751.9651025548        449.65332363959857     
          60   2.2999999999999998       -1.3567922748538013       9.06023679488044250E-005  1.68307894736842087E-002  0.44613578362573098       0.48910681274863471       7.93428269330779677E-004   7642.0877979191591        2.1228021660886554        1346387.3462976322        373.99648508267563     
          60   2.3100000000000001       -1.3366583333333335       8.81455993396911751E-005  1.91245614035087712E-004  0.39958819005847956       0.44618656168301474       7.23810084684782702E-004   7170.7719091112858        1.9918810858642462        1116929.8916974333        310.25830324928705     
          60   2.3199999999999998       -1.3168901228070173       8.49463743684390499E-005 -5.27571929824561386E-003  0.35190600292397661       0.40149517834494974       6.51314144657645731E-004   6602.4074623839906        1.8340020728844417        900332.01011244557        250.09222503123488     
          60   2.3300000000000001       -1.2996542573099417       8.20659840797211481E-005 -9.20074269005847871E-003  0.31442055263157898       0.36510774963704784       5.92288657859199141E-004   6109.4641306698695        1.6970733696305194        740995.03721870738        205.83195478297426     
          60   2.3399999999999999       -1.2833022163742691       7.93716517509356875E-005  4.04719298245614055E-003  0.28019638304093564       0.33051283437384843       5.36159857999856629E-004   5666.1454642255358        1.5739292956182043        604923.80629734125        168.03439063815034     
          60   2.3500000000000001       -1.2686482865497075       7.68082485259387478E-005 -2.33810672514619868E-003  0.25716903654970763       0.30536046362103347       4.95361808805981543E-004   5261.0035814543871        1.4613898837373298        514206.17708822747        142.83504919117431     
          60   2.3599999999999999       -1.2539364795321639       7.46859344685268987E-005 -3.52727923976608191E-003  0.22993609210526317       0.27683626127729766       4.49090587971610606E-004   4932.2176240423378        1.3700604511228716        420792.93441299733        116.88692622583260     
          60   2.3700000000000001       -1.2409198099415206       7.29322127946029417E-005  1.97455994152046779E-003  0.21194833187134501       0.25676829206461432       4.16531439771567348E-004   4663.7008704658811        1.2954724640183002        360507.04545135057        100.14084595870850     
          60   2.3799999999999999       -1.2280081666666665       7.15064804686479840E-005  1.95820906432748543E-003  0.19450655994152047       0.23711882722315453       3.84655670618206063E-004   4445.5498999964493        1.2348749722212360        306147.34755741258        85.040929877059042     
          60   2.3899999999999997       -1.2162310789473685       7.04146557510065217E-005 -2.30118421052631585E-004  0.18345677631578949       0.22410932694733796       3.63553566409236103E-004   4274.8306747211918        1.1874529652003312        272349.45172180026        75.652625478277855     
          60   2.3999999999999999       -1.2043823157894737       6.92910338674251382E-005  1.11156725146198832E-003  0.16861028654970761       0.20729340825720335       3.36273104618875843E-004   4105.0665051262413        1.1402962514239559        232034.33623571857        64.453982287699603     
          60   2.4100000000000001       -1.1933981520467836       6.85908513600643887E-005 -2.16951754385964914E-004  0.16025505409356725       0.19761388822613291       3.20572305187501064E-004   3989.2100073589959        1.1081138909330543        210001.48327931835        58.333745355366204     
          60   2.4199999999999999       -1.1823900760233919       6.74832202775827453E-005 -1.90570175438596491E-005  0.15030549853801170       0.18569142055781260       3.01231284469497278E-004   3829.5651631945420        1.0637681008873727        184660.20282672989        51.294500785202750     
          60   2.4299999999999997       -1.1720984619883041       6.67266236460611011E-005  4.56748538011695889E-004  0.14270744736842106       0.17649622658487760       2.86314103941929306E-004   3713.4223873079195        1.0315062186966444        166137.11669052523        46.149199080701450     
          60   2.4399999999999999       -1.1618403918128655       6.60650695703143652E-005  1.23369152046783623E-003  0.13616392251461990       0.16874648672731979       2.73741301667740084E-004   3610.3785376359069        1.0028829271210853        151238.17952994839        42.010605424985663     
          60   2.4500000000000002       -1.1518348070175439       6.52421966204300440E-005 -3.04093859649122791E-003  0.12863286257309942       0.15971468536502073       2.59095722132580335E-004   3492.3163638418778       0.97008787884496606        134887.32777206166        37.468702158906019     
          60   2.4600000000000000       -1.1422528362573101       6.47867000515721169E-005  7.77777777777777815E-005  0.12352717251461988       0.15340084338893525       2.48848913935948270E-004   3415.7816638233253       0.94882823995092369        123972.47667950363        34.436799077639897     
          60   2.4699999999999998       -1.1327194999999999       6.41987263081318941E-005  7.95233918128654925E-004  0.11835932748538013       0.14712285108232268       2.38663561990076995E-004   3326.9595089529807       0.92415541915360577        113567.90762766942        31.546641007685952     
          60   2.4800000000000000       -1.1235783947368421       6.36745167686883344E-005  2.12792836257309943E-003  0.11431599269005849       0.14217449236498003       2.30634109793138625E-004   3246.5085577171026       0.90180793269919513        105608.62672322615        29.335729645340596     
          60   2.4900000000000002       -1.1148117982456140       6.32806699877640026E-005 -2.35580409356725130E-004  0.10966676169590643       0.13647658558199005       2.21394645558326442E-004   3180.7683492693886       0.88354676368594132        96943.938058352302        26.928871682875638     
          60   2.5000000000000000       -1.1062169590643274       6.28791000836717703E-005  1.96179824561403497E-004  0.10590579970760235       0.13195639528826325       2.14061204744151520E-004   3115.4530861386656       0.86540363503851825        90266.149980598682        25.073930550166299     
          60   2.5099999999999998       -1.0975230233918127       6.22149251702770154E-005  1.60375730994152045E-004  0.10262572953216374       0.12792359952576002       2.07519198647745066E-004   3025.7310458226566       0.84048084606184903        84495.180826480137        23.470883562911148     
          60   2.5200000000000000       -1.0892505058479531       6.17827531656014724E-005  4.73695906432748518E-004  9.90072426900584779E-002  0.12341300340860109       2.00201463190241319E-004   2960.2066606412714       0.82227962795590870        78328.517258672306        21.757921460742306     
          60   2.5300000000000002       -1.0810365935672515       6.14071320170466849E-005  8.16236842105263149E-004  9.59113245614035131E-002  0.11975862622742649       1.94272609762025268E-004   2901.2502079286596       0.80590283553573883        73464.565842032607        20.406823845009058     
          60   2.5400000000000000       -1.0731012309941519       6.11065118553598353E-005  8.62385964912280628E-004  9.34702017543859592E-002  0.11655727069632651       1.89079193938189059E-004   2850.3366172969872       0.79176017147138533        69314.843782838740        19.254123273010762     
          60   2.5499999999999998       -1.0651618157894736       6.07403577895784732E-005  1.89146198830409366E-004  9.02707953216374259E-002  0.11265740576521895       1.82754066360825044E-004   2794.2350040733104       0.77617639002036398        64503.471629467429        17.917631008185396     
          60   2.5599999999999996       -1.0576324152046783       6.04116834142406935E-005  1.32516081871345047E-004  8.83472733918128639E-002  0.11031239634051680       1.78950066369339047E-004   2742.5246716984484       0.76181240880512457        61604.586580993768        17.112385161387159     
          60   2.5699999999999998       -1.0500030614035087       6.00259597890452263E-005  2.44229532163742701E-004  8.60365307017543907E-002  0.10742658501869277       1.74268420662235208E-004   2686.5849492295042       0.74627359700819562        58196.005178386789        16.165556993996329     
          60   2.5800000000000001       -1.0426422251461989       5.97143643555353646E-005  5.49032163742690059E-004  8.37187456140350977E-002  0.10446210573738075       1.69458728294356019E-004   2638.1945184464821       0.73283181067957837        54813.918635686350        15.226088509912875     
          60   2.5899999999999999       -1.0354064327485379       5.93230246899338414E-005 -3.33083333333333343E-004  8.19619809941520561E-002  0.10242681543573144       1.66158968298224497E-004   2583.6616706941822       0.71768379741505062        52496.214217122746        14.582281726978541     
          60   2.5999999999999996       -1.0282076725146199       5.89651794805022466E-005  4.58919590643274810E-004  7.97362032163742573E-002  9.96854699293845681E-002  1.61710148734168070E-004   2532.9881136129293       0.70360780933692479        49532.034888367773        13.758898580102159     
          60   2.6099999999999999       -1.0213698157894737       5.86364563060831479E-005 -1.33557017543859644E-004  7.78232149122806971E-002  9.72618713762964382E-002  1.57779899350085406E-004   2485.6673923260410       0.69046316453501133        46973.067076016931        13.048074187782481     
          60   2.6200000000000001       -1.0143929795321638       5.83714657751192531E-005 -2.78448830409356717E-004  7.63612967836257289E-002  9.54517092839655135E-002  1.54843776552946941E-004   2444.4840826322838       0.67902335628674548        45067.911632967356        12.518864342490932     
          60   2.6299999999999999       -1.0078012368421052       5.80632110398528732E-005 -7.31426900584795296E-004  7.46280321637426830E-002  9.33227430029702903E-002  1.51391245798997056E-004   2400.3755841891348       0.66677099560809294        42913.858523454961        11.920516256515267     
          60   2.6399999999999997       -1.0010709181286550       5.78292983854835423E-005 -2.04922514619883044E-004  7.28227587719298269E-002  9.11102133076932275E-002  1.47800789577462265E-004   2363.0700229359368       0.65640833970442691        40750.505880887598        11.319584966913222     
          60   2.6499999999999999      -0.99452459649122804       5.76256335616825394E-005 -1.99337719298245619E-004  7.16642412280701635E-002  8.96461383950379609E-002  1.45425740687662487E-004   2328.7790033384103       0.64688305648289179        39302.497925004878        10.917360534723578     
          60   2.6599999999999997      -0.98808935964912281       5.74922699948424466E-005 -1.88391812865497073E-004  7.03673391812865423E-002  8.79815381628718390E-002  1.42725383982889172E-004   2300.6165399952638       0.63906014999868443        37714.163058550810        10.476156405153002     
          60   2.6699999999999999      -0.98176208479532168       5.71091009988666305E-005  2.34109649122807024E-004  6.92492616959064361E-002  8.66230483607563911E-002  1.40520531154439946E-004   2253.0805718053225       0.62585571439036736        36421.471981935727        10.117075550537702     
          60   2.6799999999999997      -0.97567302923976618       5.68452119289410528E-005 -2.88026315789473675E-005  6.76360745614035114E-002  8.45981101228318044E-002  1.37236333200161363E-004   2215.6787371441023       0.61546631587336176        34609.193549123491        9.6136648747565250     
          60   2.6899999999999999      -0.96958630409356727       5.64817991071264413E-005 -2.47704678362573104E-004  6.65977690058479482E-002  8.33141143042413629E-002  1.35154010096428563E-004   2171.2062562546867       0.60311284895963513        33441.522858592922        9.2893119051647002     
          60   2.6999999999999997      -0.96355176608187132       5.64260817790374856E-005 -6.00017543859649154E-004  6.54109853801169566E-002  8.18097040717780111E-002  1.32714517032572900E-004   2150.9031606669478       0.59747310018526323        32123.844764442973        8.9232902123452700     
          60   2.7100000000000000      -0.95765406725146196       5.61557949896373192E-005  1.46570175438596486E-004  6.42059064327485385E-002  8.03478042683634097E-002  1.30340938925670288E-004   2114.6533083168574       0.58740369675468262        30873.245851064425        8.5759016252956730     
          60   2.7199999999999998      -0.95170502339181284       5.60391696910326182E-005 -2.85230994152046741E-004  6.31178976608187114E-002  7.89749831977514249E-002  1.28115153813369148E-004   2090.4229941770236       0.58067305393806212        29717.311515504280        8.2548087543067439     
          60   2.7300000000000000      -0.94607459649122805       5.56702360218574204E-005 -1.14530701754385968E-004  6.22777704678362590E-002  7.79223636939051223E-002  1.26407096920697201E-004   2047.9032215924158       0.56886200599789327        28824.756826693039        8.0068768963036216     
          60   2.7399999999999998      -0.94039574561403505       5.54913510986802274E-005  1.43260233918128662E-004  6.13264327485380165E-002  7.67163654492657027E-002  1.24449957531403262E-004   2019.9381456482595       0.56109392934673874        27837.418776309725        7.7326163267527015     
          60   2.7500000000000000      -0.93484294152046787       5.52953289342056705E-005  6.81403508771929908E-005  6.05413625730994095E-002  7.57849241948401892E-002  1.22939178451255098E-004   1991.1322300673023       0.55309228612980621        27066.842615908696        7.5185673933079711     
          60   2.7599999999999998      -0.92936383625730989       5.50753048127423179E-005 -1.18827485380116951E-004  5.95740701754385940E-002  7.45078022044921850E-002  1.20867974916724275E-004   1961.0300689490273       0.54473057470806319        26067.436290966278        7.2409545252684104     
          60   2.7700000000000000      -0.92386358187134510       5.48729446444827054E-005 -3.44271929824561420E-004  5.86082368421052616E-002  7.33789312208110028E-002  1.19037402107600857E-004   1932.6160979192728       0.53683780497757572        25191.755722148428        6.9977099228190074     
          60   2.7799999999999998      -0.91869251461988310       5.45892243645526549E-005  8.77500000000000052E-005  5.78259605263157922E-002  7.23156608955054514E-002  1.17311219409534461E-004   1898.9470434604507       0.52748528985012522        24379.471422503029        6.7720753951397308     
          60   2.7900000000000000      -0.91329054385964914       5.45965734755739237E-005 -1.87942982456140337E-004  5.71345043859649085E-002  7.15134379028323774E-002  1.16010707389972332E-004   1885.8665846476954       0.52385182906880423        23755.988801578562        6.5988857782162675     
          60   2.7999999999999998      -0.90812430701754387       5.43422159133503387E-005 -3.97792397660818664E-005  5.63846038011695874E-002  7.05953614458295492E-002  1.14520925546567591E-004   1855.0141332017697       0.51528170366715820        23067.427514150368        6.4076187539306577     
          60   2.8100000000000001      -0.90300981578947370       5.42734171194042366E-005  1.77279239766081875E-004  5.56632821637426875E-002  6.97090697328650449E-002  1.13082470589856321E-004   1837.1740001882924       0.51032611116341453        22411.681764128105        6.2254671567022513     
          60   2.8199999999999998      -0.89799735672514625       5.39343398148486392E-005 -1.51279239766081866E-004  5.48426769005848011E-002  6.86498132492856378E-002  1.11365199151412594E-004   1801.4454501623179       0.50040151393397725        21658.705921930563        6.0163072005362679     
          60   2.8300000000000001      -0.89291978654970761       5.37680821497774972E-005  3.88536549707602335E-004  5.41262909356725122E-002  6.78050636704717324E-002  1.09993046820162834E-004   1777.7259785538092       0.49381277182050254        21053.706379941064        5.8482517722058516     
          60   2.8399999999999999      -0.88805055263157895       5.36198156574065350E-005  1.30807017543859631E-004  5.34901461988304058E-002  6.69444187231515025E-002  1.08597747176618757E-004   1755.5069420018349       0.48764081722273189        20450.962541075420        5.6808229280765055     
          60   2.8500000000000001      -0.88315117543859656       5.34365548790538726E-005  6.35116959064327489E-005  5.28377134502924020E-002  6.61491381493949093E-002  1.07307855647222828E-004   1731.3137567042845       0.48092048797341236        19897.940209288390        5.5272056136912191     
          60   2.8599999999999999      -0.87842115497076023       5.32874061679787533E-005  9.22046783625730915E-005  5.23000789473684197E-002  6.54446620916961930E-002  1.06164943464175988E-004   1709.6440286586314       0.47490111907184207        19408.258397878621        5.3911828882996167     
          60   2.8700000000000001      -0.87371892690058484       5.31250663045301007E-005 -1.14690058479532172E-004  5.17139064327485354E-002  6.47676190463496448E-002  1.05067351021827032E-004   1687.4222637800713       0.46872840660557535        18942.513570620671        5.2618093251724085     
          60   2.8799999999999999      -0.86906811988304100       5.30376986727993237E-005  1.21773391812865492E-004  5.10912470760233883E-002  6.39798664915518789E-002  1.03788619829650757E-004   1670.2172540508288       0.46394923723634135        18420.338193830325        5.1167606093973124     
          60   2.8899999999999997      -0.86443462865497078       5.28542058388613289E-005 -7.66871345029239686E-005  5.05255409356725194E-002  6.32428690245480651E-002  1.02593754098872226E-004   1647.2215526938603       0.45756154241496122        17936.167348080442        4.9822687078001229     
          60   2.8999999999999999      -0.85982425730994150       5.26494798542092007E-005 -2.38750000000000003E-004  4.99692032163742694E-002  6.25693757455600963E-002  1.01501790243915460E-004   1623.2326600926526       0.45089796113684794        17495.418049641557        4.8598383471226549     
          60   2.9100000000000001      -0.85543927485380122       5.27034897120528238E-005  5.30599415204678398E-005  4.93893464912280658E-002  6.18013245348553036E-002  1.00254793498600397E-004   1615.4047862554276       0.44872355173761874        17010.115343577414        4.7250320398826151     
          60   2.9199999999999999      -0.85094348245614038       5.24531830429088473E-005  1.28346491228070178E-004  4.90001154970760300E-002  6.13621978505393267E-002  9.95421581310310729E-005   1589.1562158158508       0.44143228217106967        16711.755124952368        4.6421542013756580     
          60   2.9299999999999997      -0.84655088888888885       5.23166124768095634E-005 -4.96184210526315813E-005  4.83552763157894736E-002  6.05547368835158833E-002  9.82329393507645624E-005   1570.1190700038990       0.43614418611219413        16219.345772591107        4.5053738257197518     
          60   2.9399999999999999      -0.84222362573099419       5.21053549951000782E-005  6.78245614035087705E-005  4.79234678362573108E-002  6.00347757137207200E-002  9.73890117929231228E-005   1546.8872345765385       0.42969089849348291        15887.768450659882        4.4132690140721893     
          60   2.9499999999999997      -0.83787696783625731       5.20696825782392028E-005 -6.53801169590643249E-006  4.75121432748537992E-002  5.94222789603537985E-002  9.63956901875158510E-005   1534.3146314667376       0.42619850874076043        15512.492622200256        4.3090257283889599     
          60   2.9600000000000000      -0.83376740350877199       5.18548637484294651E-005 -8.03567251461988398E-005  4.69397105263157921E-002  5.88275285944668408E-002  9.54311606652084339E-005   1511.4165414290123       0.41983792817472565        15152.129985388785        4.2089249959413291     
          60   2.9699999999999998      -0.82959388596491235       5.18317761463357583E-005  1.36789473684210516E-004  4.64479532163742659E-002  5.81889556372568520E-002  9.43944211258302302E-005   1499.9192610084369       0.41664423916901028        14774.992786012517        4.1041646627812547     
          60   2.9800000000000000      -0.82541861403508776       5.15975117624284762E-005  1.13650584795321649E-004  4.61066008771929825E-002  5.77549550839115411E-002  9.36904655478508589E-005   1476.4324690577189       0.41012013029381078        14506.597344613499        4.0296103735037496     
          60   2.9899999999999998      -0.82139675730994155       5.14772626889766996E-005  4.60877192982456145E-005  4.56952192982456110E-002  5.72153316267973097E-002  9.28153425812460028E-005   1459.7453881934803       0.40548483005374453        14189.215035505462        3.9414486209737394     
          60   3.0000000000000000      -0.81735052923976603       5.12939401997828610E-005 -1.10994152046783612E-005  4.53239064327485355E-002  5.67434798875305901E-002  9.20501235442934085E-005   1439.7205744269822       0.39992238178527284        13909.632709894146        3.8637868638594850     
          60   3.0099999999999998      -0.81330671637426910       5.12641131095033470E-005 -4.83187134502923956E-005  4.48226608187134515E-002  5.61032219860764653E-002  9.10116380511135308E-005   1428.5074299062251       0.39680761941839587        13552.324453644824        3.7645345704568953     
          60   3.0200000000000000      -0.80932576023391811       5.11259867973231651E-005 -8.29839181286549731E-005  4.44674195906432784E-002  5.56569835443088134E-002  9.02878855943853526E-005   1411.4260193900604       0.39206278316390569        13293.410723421686        3.6926140898393571     
          60   3.0299999999999998      -0.80547889181286547       5.11424432546174376E-005  1.80051169590643288E-004  4.40742295321637431E-002  5.51876219674398774E-002  8.95254095686816981E-005   1403.0278281763808       0.38972995227121687        13026.900974246228        3.6185836039572856     
          60   3.0400000000000000      -0.80167297953216377       5.08612241973698499E-005 -1.26450292397660836E-004  4.37217192982456079E-002  5.47782656437712651E-002  8.88626010970809275E-005   1378.5262781267418       0.38292396614631719        12792.212325174371        3.5533923125484361     
          60   3.0499999999999998      -0.79783388011695910       5.07968913408893483E-005  1.85051169590643274E-004  4.34708055555555542E-002  5.44161111455902097E-002  8.82738226248684925E-005   1366.0392874941429       0.37945535763726190        12582.158246304665        3.4950439573068515     
          60   3.0600000000000001      -0.79401382163742684       5.07135728381792153E-005 -4.91783625730994150E-005  4.29883421052631581E-002  5.38898124355659744E-002  8.74210251868982234E-005   1352.6771745398719       0.37574365959440886        12299.757737629279        3.4165993715636889     
          60   3.0699999999999998      -0.79020416374269009       5.06152595640166247E-005  1.43099415204678385E-004  4.26315760233918137E-002  5.34044576614692290E-002  8.66328664428245174E-005   1338.6738623442984       0.37185385065119403        12039.779297694606        3.3443831382485016     
          60   3.0799999999999996      -0.78663974561403505       5.04725613181888230E-005 -2.29614035087719298E-004  4.23545760233918142E-002  5.30595870303233741E-002  8.60749911338771898E-005   1322.5066174471958       0.36736294929088775        11846.058769407347        3.2905718803909298     
          60   3.0899999999999999      -0.78286861403508778       5.04024228512208245E-005  8.56929824561403458E-005  4.20318976608187178E-002  5.26150989614810674E-002  8.53525943107735595E-005   1310.3112397571226       0.36397534437697848        11610.907180871225        3.2252519946864515     
          60   3.0999999999999996      -0.77929848538011692       5.02212182114554891E-005  1.03466374269005858E-004  4.16717470760233910E-002  5.22137058269745435E-002  8.47013691482939785E-005   1292.5272166663076       0.35903533796286324        11397.527228000708        3.1659797855557525     
          60   3.1099999999999999      -0.77573820175438590       5.02398177223738475E-005 -5.08771929824561406E-007  4.13101023391812885E-002  5.17788697711318163E-002  8.39964206020170823E-005   1285.1799164267834       0.35699442122966207        11172.484101138281        3.1034678058717446     
          60   3.1199999999999997      -0.77218027777777787       5.00718349160539592E-005 -2.29089181286549684E-004  4.10933728070175391E-002  5.14526754826946306E-002  8.34682645366863468E-005   1268.4297617401064       0.35234160048336288        10996.582150278708        3.0546061528551967     
          60   3.1299999999999999      -0.76876014912280699       4.99834726579197672E-005  9.81842105263158022E-005  4.07907660818713422E-002  5.10832715307017321E-002  8.28675759854491194E-005   1255.8933907456849       0.34885927520713467        10804.793364925581        3.0013314902571060     
          60   3.1399999999999997      -0.76519133040935672       4.98655427055025920E-005 -2.44444444444444416E-005  4.04574707602339198E-002  5.07045834930085967E-002  8.22538045404353987E-005   1242.0251841761412       0.34500699560448367        10611.326846530339        2.9475907907028720     
          60   3.1499999999999999      -0.76177726900584797       4.97199708313737098E-005  1.03941520467836255E-004  4.00980087719298231E-002  5.02163843932780934E-002  8.14612660440351482E-005   1226.9566560647941       0.34082129335133171        10374.889197368720        2.8819136659357558     
          60   3.1599999999999997      -0.75840757602339182       4.95880214030814355E-005  7.79839181286549736E-005  3.98908347953216419E-002  4.99549261015654542E-002  8.10372393216682129E-005   1212.7408116676561       0.33687244768546004        10234.661943596542        2.8429616509990394     
          60   3.1699999999999999      -0.75503003216374265       4.95345370767538424E-005  1.39899122807017536E-004  3.96466359649122746E-002  4.96449515976781150E-002  8.05341110839041991E-005   1202.5033392424245       0.33402870534511792        10076.100110388415        2.7989166973301156     
          60   3.1799999999999997      -0.75166880116959067       4.94927071903075616E-005 -6.00467836257309896E-005  3.92748216374268974E-002  4.92069163066601450E-002  7.98244338676872472E-005   1192.9349921519811       0.33137083115332810        9868.0089333508968        2.7411135925974714     
          60   3.1899999999999999      -0.74842669590643285       4.93539582938645494E-005  7.07763157894736734E-005  3.91101564327485315E-002  4.89616433247141991E-002  7.94259479172235215E-005   1178.8300865535239       0.32745280182042330        9739.2470535093144        2.7053464037525874     
          60   3.1999999999999997      -0.74513382748538015       4.92107972880002060E-005 -1.01125730994152042E-004  3.87914327485380100E-002  4.86094804571946537E-002  7.88554587236943547E-005   1164.6875796250245       0.32352432767361788        9569.6290238149249        2.6582302843930345     
          60   3.2100000000000000      -0.74189404678362569       4.90903008059114017E-005  4.32558479532163762E-005  3.85669342105263158E-002  4.83044275919273861E-002  7.83599271491298359E-005   1151.7810261989473       0.31993917394415206        9420.4901765555278        2.6168028268209800     
          60   3.2199999999999998      -0.73871051461988313       4.89908603344931917E-005 -6.60672514619883013E-006  3.82690219298245579E-002  4.79306431434447719E-002  7.77538015206310069E-005   1140.0056065512802       0.31666822404202227        9246.4629658698141        2.5684619349638371     
          60   3.2300000000000000      -0.73552928654970751       4.90698891381951999E-005  1.07543859649122798E-004  3.81495818713450327E-002  4.77651144648901099E-002  7.74847402047944771E-005   1136.6158477381384       0.31572662437170512        9154.2321796729066        2.5428422721313630     
          60   3.2399999999999998      -0.73245783918128660       4.89687080452857893E-005  5.06301169590643290E-005  3.78036564327485364E-002  4.73626917727689237E-002  7.68321908282989624E-005   1124.9568638238100       0.31248801772883611        8972.8880342142802        2.4924688983928558     
          60   3.2500000000000000      -0.72933042105263157       4.89256217271157980E-005  1.22119883040935662E-004  3.75276637426900581E-002  4.69953556074211021E-002  7.62359482561977841E-005   1116.0780903221764       0.31002169175616012        8807.0120057881941        2.4463922238300539     
          60   3.2599999999999998      -0.72620166081871351       4.87453585982832173E-005 -1.02994152046783621E-004  3.73878304093567260E-002  4.68611932493031846E-002  7.60193888397319567E-005   1101.0826953887522       0.30585630427465338        8729.9546906114228        2.4249874140587284     
          60   3.2700000000000000      -0.72315008479532161       4.87009344743043180E-005  1.01652046783625732E-005  3.71768552631578930E-002  4.65457055013379709E-002  7.55070557342563830E-005   1092.3647617342715       0.30343465603729763        8586.5057066743848        2.3851404740762181     
          60   3.2799999999999998      -0.72016955263157900       4.85415069847319823E-005 -9.55701754385964927E-005  3.68277543859649101E-002  4.61470405183581553E-002  7.48608515474217401E-005   1078.6173969770314       0.29961594360473093        8414.2808492931235        2.3373002359147566     
          60   3.2900000000000000      -0.71711954385964916       4.85390793682306332E-005 -8.64619883040935631E-006  3.66790760233918142E-002  4.59510965576862065E-002  7.45425642550987325E-005   1071.9631890123085       0.29776755250341902        8317.6539432394311        2.3104594286776199     
          60   3.2999999999999998      -0.71420969298245607       4.84200234621857132E-005 -7.05380116959064448E-005  3.64452836257309967E-002  4.56497030643524329E-002  7.40539451977885314E-005   1060.2559283978665       0.29451553566607402        8184.0059905187281        2.2733349973663133     
          60   3.3099999999999996      -0.71120598245614031       4.83964195987459487E-005  4.28991228070175429E-005  3.62285394736842070E-002  4.53861108024104787E-002  7.36257809778198091E-005   1052.8320022594785       0.29245333396096623        8065.3377299407584        2.2403715916502107     
          60   3.3199999999999998      -0.70840616959064329       4.82577515375609659E-005 -1.94619883040935662E-004  3.61480146198830399E-002  4.52527678029439467E-002  7.34106520111313821E-005   1040.5108108423369       0.28903078078953803        7993.7245528284884        2.2204790424523577     
          60   3.3300000000000001      -0.70547492982456139       4.81488429751864542E-005 -7.36008771929824631E-005  3.58386856725146224E-002  4.49169496513777688E-002  7.28652832408532852E-005   1029.6078426211034       0.28600217850586207        7851.9967740789343        2.1811102150219264     
          60   3.3399999999999999      -0.70260075438596492       4.81075231248149967E-005  4.10131578947368447E-005  3.57079809941520526E-002  4.47358993560605794E-002  7.25710051323914400E-005   1021.6959200470135       0.28380442223528152        7765.5195084279449        2.1570887523410960     
          60   3.3499999999999996      -0.69973179824561405       4.80779772587221275E-005 -2.08932748538011683E-005  3.53996710526315803E-002  4.43546268335104008E-002  7.19528121177422005E-005   1014.3582353107408       0.28176617647520580        7610.9340315650488        2.1141483421014025     
          60   3.3599999999999999      -0.69688579532163741       4.79991543133856567E-005 -2.70950292397660791E-005  3.52504020467836257E-002  4.41696950945989417E-002  7.16528453019147526E-005   1005.0258095174382       0.27917383597706619        7525.1361752070234        2.0903156042241733     
          60   3.3699999999999997      -0.69419613157894733       4.78437940231911602E-005 -1.10298245614035085E-004  3.51302076023391821E-002  4.40147550057889483E-002  7.14019256820736941E-005   992.61314090573944       0.27572587247381652        7450.2174905090878        2.0695048584747466     
          60   3.3799999999999999      -0.69134357894736842       4.79347948221777454E-005  7.69795321637426882E-005  3.49535964912280686E-002  4.37916029984903379E-002  7.10389646597668411E-005   990.50561803789628       0.27514044945497118        7353.0690628946877        2.0425191841374133     
          60   3.3899999999999997      -0.68880718421052634       4.78003904981271708E-005  1.04752923976608186E-004  3.47261388888888897E-002  4.35212837048166573E-002  7.06003026175246483E-005   979.15645386986466       0.27198790385274019        7241.1272747301336        2.0114242429805929     
          60   3.3999999999999999      -0.68596340058479532       4.77718811718255161E-005  3.57792397660818709E-005  3.45381067251461990E-002  4.32738326787026478E-002  7.01992400623629699E-005   972.24440100751053       0.27006788916875291        7137.9994578154710        1.9827776271709643     
